2500	86.505767
2496	86.807934
2492	86.985394
2488	87.08782
2484	87.040329
2480	86.863291
2476	86.569584
2472	86.176955
2468	85.682607
2464	85.032444
2460	84.303839
2456	83.487822
2452	82.567782
2448	81.537252
2444	80.441126
2440	79.257645
2436	78.020378
2432	76.76237
2428	75.435214
2424	74.088004
2420	72.703761
2416	71.313168
2412	69.932535
2408	68.551548
2404	67.157848
2400	65.778652
2396	64.411855
2392	63.0839
2388	61.736149
2384	60.414018
2380	59.129741
2376	57.866071
2372	56.632523
2368	55.433461
2364	54.2682
2360	53.156751
2356	52.053612
2352	50.983226
2348	49.96343
2344	48.963117
2340	47.985613
2336	47.031225
2332	46.114336
2328	45.225682
2324	44.380111
2320	43.603482
2316	42.89022
2312	42.200204
2308	41.517195
2304	40.836412
2300	40.162048
2296	39.558971
2292	39.045393
2288	38.584311
2284	38.075922
2280	37.542575
2276	37.086222
2272	36.731785
2268	36.396802
2264	36.011797
2260	35.638826
2256	35.38168
2252	35.183734
2248	34.92615
2244	34.678318
2240	34.540954
2236	34.439992
2232	34.271569
2228	34.168611
2224	34.167616
2220	34.098709
2216	34.080559
2212	34.170642
2208	34.216177
2204	34.341234
2200	34.5734
2196	34.750159
2192	34.993222
2188	35.288368
2184	35.535355
2180	35.90965
2176	36.225679
2172	36.627612
2168	37.056393
2164	37.491416
2160	38.038873
2156	38.558954
2152	39.198258
2148	39.827312
2144	40.549131
2140	41.274691
2136	42.098127
2132	42.959225
2128	43.897153
2124	44.85818
2120	45.921419
2116	46.996827
2112	48.197454
2108	49.401239
2104	50.760854
2100	52.116963
2096	53.595512
2092	55.114258
2088	56.653585
2084	58.397034
2080	60.090885
2076	61.865488
2072	63.809543
2068	65.688675
2064	67.643266
2060	69.713796
2056	71.703533
2052	73.665906
2048	75.733981
2044	77.738842
2040	79.58154
2036	81.379827
2032	83.121877
2028	84.69636
2024	86.045563
2020	87.156618
2016	88.060736
2012	88.758228
2008	89.189155
2004	89.309444
2000	89.106265
1996	88.61433
1992	87.834325
1988	86.784871
1984	85.486314
1980	83.952857
1976	82.245465
1972	80.36449
1968	78.355901
1964	76.25016
1960	74.061132
1956	71.817345
1952	69.550323
1948	67.295512
1944	65.054411
1940	62.847738
1936	60.744638
1932	58.688316
1928	56.675782
1924	54.772732
1920	52.97537
1916	51.299594
1912	49.650275
1908	48.066133
1904	46.63728
1900	45.263019
1896	44.056454
1892	42.897745
1888	41.886821
1884	40.898585
1880	39.962712
1876	39.042043
1872	38.254951
1868	37.605169
1864	37.009367
1860	36.456861
1856	36.053488
1852	35.607273
1848	35.183368
1844	34.951364
1840	34.707974
1836	34.594844
1832	34.475239
1828	34.42244
1824	34.569535
1820	34.665136
1816	34.877756
1812	35.112148
1808	35.485518
1804	35.867893
1800	36.228194
1796	36.755433
1792	37.451082
1788	38.173292
1784	38.788109
1780	39.720956
1776	40.763261
1772	41.920592
1768	43.199975
1764	44.61096
1760	46.144858
1756	47.806596
1752	49.62313
1748	51.598199
1744	53.699028
1740	55.966002
1736	58.363606
1732	60.90165
1728	63.539301
1724	66.260125
1720	69.034495
1716	71.825625
1712	74.570229
1708	77.13871
1704	79.53255
1700	81.625347
1696	83.323493
1692	84.598284
1688	85.324052
1684	85.508571
1680	85.10072
1676	84.115203
1672	82.60785
1668	80.627294
1664	78.245799
1660	75.581532
1656	72.668192
1652	69.615809
1648	66.531811
1644	63.461705
1640	60.447092
1636	57.564312
1632	54.809446
1628	52.205514
1624	49.797879
1620	47.557502
1616	45.513451
1612	43.62832
1608	41.93578
1604	40.407487
1600	39.033845
1596	37.817234
1592	36.741407
1588	35.813837
1584	35.028385
1580	34.363504
1576	33.828331
1572	33.425685
1568	33.143583
1564	32.980926
1560	32.943988
1556	33.024907
1552	33.235074
1548	33.587064
1544	34.067546
1540	34.691746
1536	35.463321
1532	36.39803
1528	37.505154
1524	38.800131
1520	40.289669
1516	41.988453
1512	43.905414
1508	46.053082
1504	48.431361
1500	51.068835
1496	53.927989
1492	56.96529
1488	60.168879
1484	63.451343
1480	66.709431
1476	69.819152
1472	72.609847
1468	74.902853
1464	76.519009
1460	77.328284
1456	77.234854
1452	76.241511
1448	74.397471
1444	71.85637
1440	68.759582
1436	65.296771
1432	61.649356
1428	57.979364
1424	54.410899
1420	50.997675
1416	47.834171
1412	44.975476
1408	42.402404
1404	40.125751
1400	38.13116
1396	36.370532
1392	34.890186
1388	33.674132
1384	32.648799
1380	31.846685
1376	31.285522
1372	30.920301
1368	30.732392
1364	30.71901
1360	30.920554
1356	31.361855
1352	32.017589
1348	32.900271
1344	34.026462
1340	35.408551
1336	37.078071
1332	39.05234
1328	41.341599
1324	43.973534
1320	46.912129
1316	50.119818
1312	53.511212
1308	56.937325
1304	60.221278
1300	63.090487
1296	65.267082
1292	66.481505
1288	66.539183
1284	65.412741
1280	63.221179
1276	60.183407
1272	56.582254
1268	52.75693
1264	48.924951
1260	45.286017
1256	41.967291
1252	39.007703
1248	36.421256
1244	34.217589
1240	32.388772
1236	30.905148
1232	29.753038
1228	28.917402
1224	28.38584
1220	28.144219
1216	28.189823
1212	28.533423
1208	29.180961
1204	30.15085
1200	31.469727
1196	33.165019
1192	35.261344
1188	37.762045
1184	40.634154
1180	43.795668
1176	47.117181
1172	50.33176
1168	53.067929
1164	54.930043
1160	55.57648
1156	54.863588
1152	52.831868
1148	49.820097
1144	46.233845
1140	42.479599
1136	38.867991
1132	35.585392
1128	32.757677
1124	30.395887
1120	28.503025
1116	27.071149
1112	26.051959
1108	25.442392
1104	25.227197
1100	25.40246
1096	25.990894
1092	26.978682
1088	28.393768
1084	30.274517
1080	32.621978
1076	35.357985
1072	38.326067
1068	41.221478
1064	43.571174
1060	44.895576
1056	44.833379
1052	43.324192
1048	40.672933
1044	37.356821
1040	33.905184
1036	30.677714
1032	27.894529
1028	25.634512
1024	23.931763
1020	22.754442
1016	22.076201
1012	21.874038
1008	22.143253
1004	22.885584
1000	24.108813
996	25.801502
992	27.884503
988	30.135362
984	32.204975
980	33.594456
976	33.86569
972	32.823746
968	30.704603
964	27.993012
960	25.167026
956	22.625698
952	20.561623
948	19.040234
944	18.036951
940	17.541053
936	17.511805
932	17.914943
928	18.694525
924	19.731862
920	20.828143
916	21.674845
912	21.922313
908	21.401212
904	20.161876
900	18.485396
896	16.697721
892	15.061406
888	13.743245
884	12.657132
880	12.042159
876	11.757201
872	11.739249
868	11.882098
864	12.039594
860	12.197173
856	11.93483
852	11.307296
848	10.372442
844	9.333937
840	8.357638
836	7.535499
832	6.903106
828	6.444516
824	6.116509
820	5.875006
816	5.640826
812	5.36399
808	5.003908
804	4.563135
800	4.09231
796	3.632926
792	3.226001
788	2.879514
784	2.593842
780	2.348761
776	2.129635
772	1.922221
768	1.716564
764	1.511487
760	1.312391
756	1.131897
752	0.979777
748	0.842748
744	0.722792
740	0.620245
736	0.529611
732	0.452069
728	0.378363
724	0.313982
720	0.258526
716	0.212246
712	0.174436
708	0.143803
704	0.112269
700	0.090547
696	0.073253
692	0.060302
688	0.044777
684	0.033801
680	0.026691
676	0.020565
672	0.015324
668	0.010678
664	0.009687
660	0.007021
656	0.005933
652	0.003659
648	0.002868
644	-0.000198
640	0.003463
636	0.001583
632	-0.000099
628	0.000594
624	0.00099
620	0.000693
616	0.000198
612	-0.000693
608	-0.002179
604	-0.00109
600	-0.001486
596	0.000496
592	-0.000992
588	-0.000893
584	0.000199
580	-0.001789
576	-0.00179
572	-0.0001
568	-0.000199
564	0.000199
560	-0.000597
556	0
552	0.002895
548	0.0012
544	-0.001401
540	-0.003007
536	0.002008
532	0.000704
528	-0.00131
524	-0.000605
520	0.000808
516	-0.000303
512	-0.000405
508	0.000707
504	-0.000604
500	-0.001105
496	0.000201
492	-0.000502
488	0.00191
484	-0.001009
480	0.002231
476	-0.000508
472	0.000508
468	-0.000713
464	-0.000305
460	-0.000813
456	-0.000609
452	0.000508
448	-0.002744
444	-0.00112
440	-0.00204
436	-0.001123
432	-0.00184
428	-0.002354
424	0.001434
420	0.001026
416	-0.00154
412	-0.001336
408	0.000103
404	-0.000412
400	0.000103
396	0.001342
392	0.000207
388	-0.000414
384	0.00207
380	0.002795
376	-0.000311
372	0.000519
368	0.000623
364	-0.000415
360	-0.001556
356	-0.002281
352	-0.002177
348	0.000311
344	-0.000622
340	0.000415
336	0.001553
332	0.002174
328	0.003828
324	0.002171
320	0.002376
316	-0.000207
312	0.000311
308	0.000311
304	-0.000724
300	-0.002276