2500	82.595596
2496	82.726214
2492	82.92083
2488	83.065859
2484	83.234782
2480	83.400049
2476	83.532291
2472	83.663774
2468	83.819654
2464	83.92717
2460	84.089994
2456	84.167629
2452	84.285337
2448	84.402076
2444	84.49598
2440	84.584347
2436	84.665305
2432	84.723048
2428	84.805705
2424	84.839131
2420	84.892099
2416	84.958399
2412	85.028747
2408	85.116772
2404	85.215412
2400	85.341021
2396	85.522248
2392	85.727187
2388	85.992971
2384	86.281367
2380	86.597763
2376	86.935001
2372	87.259213
2368	87.534464
2364	87.800477
2360	88.053785
2356	88.251775
2352	88.428705
2348	88.585753
2344	88.747652
2340	88.890732
2336	89.028053
2332	89.130553
2328	89.259679
2324	89.349189
2320	89.414819
2316	89.482385
2312	89.552491
2308	89.590402
2304	89.611066
2300	89.659744
2296	89.680107
2292	89.691125
2288	89.6859
2284	89.684681
2280	89.654697
2276	89.627456
2272	89.570353
2268	89.523461
2264	89.451136
2260	89.406435
2256	89.328729
2252	89.270348
2248	89.206888
2244	89.120178
2240	89.060024
2236	88.987832
2232	88.886914
2228	88.764336
2224	88.628443
2220	88.497245
2216	88.402329
2212	88.379095
2208	88.466568
2204	88.673426
2200	88.945242
2196	89.219014
2192	89.452664
2188	89.637246
2184	89.770648
2180	89.90964
2176	90.030808
2172	90.131604
2168	90.213712
2164	90.283343
2160	90.317027
2156	90.337367
2152	90.360641
2148	90.400748
2144	90.491956
2140	90.620793
2136	90.783624
2132	90.963775
2128	91.139898
2124	91.344062
2120	91.509738
2116	91.664459
2112	91.80621
2108	91.912914
2104	92.002614
2100	92.081107
2096	92.163038
2092	92.22384
2088	92.263397
2084	92.311898
2080	92.344921
2076	92.378236
2072	92.401892
2068	92.423373
2064	92.443001
2060	92.463621
2056	92.487157
2052	92.491807
2048	92.49754
2044	92.509801
2040	92.513634
2036	92.517462
2032	92.514591
2028	92.499633
2024	92.488203
2020	92.487233
2016	92.482207
2012	92.484379
2008	92.47152
2004	92.450216
2000	92.446976
1996	92.448804
1992	92.472658
1988	92.493578
1984	92.509207
1980	92.540428
1976	92.574306
1972	92.612117
1968	92.660781
1964	92.710898
1960	92.751393
1956	92.788049
1952	92.813852
1948	92.843634
1944	92.858303
1940	92.876347
1936	92.889714
1932	92.891717
1928	92.899309
1924	92.916577
1920	92.930654
1916	92.925028
1912	92.923138
1908	92.910765
1904	92.9202
1900	92.931065
1896	92.91081
1892	92.912146
1888	92.930435
1884	92.952134
1880	92.954672
1876	92.932447
1872	92.932479
1868	92.964026
1864	92.983446
1860	92.984108
1856	92.982322
1852	92.996769
1848	92.96391
1844	92.965217
1840	92.962874
1836	92.965079
1832	92.967276
1828	92.983022
1824	92.982778
1820	92.979667
1816	92.983057
1812	93.001126
1808	92.998723
1804	93.010555
1800	92.956309
1796	92.960975
1792	92.96678
1788	92.962836
1784	92.901892
1780	92.912264
1776	92.894064
1772	92.889732
1768	92.892355
1764	92.904455
1760	92.905475
1756	92.900423
1752	92.904358
1748	92.904059
1744	92.906627
1740	92.919487
1736	92.904595
1732	92.905317
1728	92.905934
1724	92.913262
1720	92.898838
1716	92.89825
1712	92.903476
1708	92.909752
1704	92.905418
1700	92.887994
1696	92.902505
1692	92.89486
1688	92.893833
1684	92.898711
1680	92.890686
1676	92.889767
1672	92.889877
1668	92.88976
1664	92.885971
1660	92.884947
1656	92.883204
1652	92.873593
1648	92.876695
1644	92.857099
1640	92.856915
1636	92.864619
1632	92.862115
1628	92.861223
1624	92.84826
1620	92.846248
1616	92.850873
1612	92.854733
1608	92.855301
1604	92.841263
1600	92.838322
1596	92.838482
1592	92.832895
1588	92.815072
1584	92.821194
1580	92.805341
1576	92.801622
1572	92.802785
1568	92.799402
1564	92.799284
1560	92.795014
1556	92.784342
1552	92.768147
1548	92.764787
1544	92.7567
1540	92.749335
1536	92.743742
1532	92.741876
1528	92.721574
1524	92.732317
1520	92.71861
1516	92.706867
1512	92.687333
1508	92.680462
1504	92.672093
1500	92.663718
1496	92.652637
1492	92.633356
1488	92.61353
1484	92.604848
1480	92.592424
1476	92.56845
1472	92.548567
1468	92.524641
1464	92.50063
1460	92.467792
1456	92.439962
1452	92.39842
1448	92.349985
1444	92.306429
1440	92.249842
1436	92.175307
1432	92.096116
1428	91.996387
1424	91.884737
1420	91.760105
1416	91.628663
1412	91.496085
1408	91.37464
1404	91.28828
1400	91.270054
1396	91.350386
1392	91.533101
1388	91.760374
1384	91.982011
1380	92.174067
1376	92.329842
1372	92.444824
1368	92.493667
1364	92.505356
1360	92.513003
1356	92.505846
1352	92.503423
1348	92.512174
1344	92.515935
1340	92.513729
1336	92.510611
1332	92.512879
1328	92.512505
1324	92.506463
1320	92.507572
1316	92.50571
1312	92.500559
1308	92.494378
1304	92.499707
1300	92.497815
1296	92.494086
1292	92.500492
1288	92.485628
1284	92.465294
1280	92.461363
1276	92.458815
1272	92.453448
1268	92.444272
1264	92.428464
1260	92.413808
1256	92.406079
1252	92.40187
1248	92.380044
1244	92.369221
1240	92.376368
1236	92.379265
1232	92.38184
1228	92.383244
1224	92.380451
1220	92.379575
1216	92.365706
1212	92.359763
1208	92.362931
1204	92.358827
1200	92.352063
1196	92.346876
1192	92.342072
1188	92.339102
1184	92.336222
1180	92.330033
1176	92.322869
1172	92.324169
1168	92.312074
1164	92.289812
1160	92.302388
1156	92.300176
1152	92.286592
1148	92.274354
1144	92.273612
1140	92.273951
1136	92.268315
1132	92.266124
1128	92.247315
1124	92.246775
1120	92.256211
1116	92.246212
1112	92.238052
1108	92.226297
1104	92.228304
1100	92.224556
1096	92.21507
1092	92.216816
1088	92.223787
1084	92.224419
1080	92.21011
1076	92.209307
1072	92.219235
1068	92.20904
1064	92.20843
1060	92.19758
1056	92.200845
1052	92.207794
1048	92.203931
1044	92.193576
1040	92.190261
1036	92.200415
1032	92.200123
1028	92.201707
1024	92.192059
1020	92.182036
1016	92.189605
1012	92.188656
1008	92.181164
1004	92.18647
1000	92.180033
996	92.190278
992	92.20245
988	92.191303
984	92.186868
980	92.204341
976	92.194876
972	92.183005
968	92.16896
964	92.182715
960	92.171793
956	92.178552
952	92.173698
948	92.175088
944	92.191183
940	92.204976
936	92.222041
932	92.218073
928	92.218601
924	92.208643
920	92.203866
916	92.214714
912	92.21638
908	92.208597
904	92.214472
900	92.208328
896	92.212387
892	92.211675
888	92.206038
884	92.196285
880	92.204583
876	92.212095
872	92.227104
868	92.222639
864	92.2203
860	92.334155
856	92.362258
852	92.340319
848	92.3824
844	92.382207
840	92.388047
836	92.427967
832	92.369733
828	92.368671
824	92.39106
820	92.395864
816	92.386229
812	92.388034
808	92.406878
804	92.417262
800	92.365509
796	92.450214
792	92.452534
788	92.44824
784	92.426354
780	92.491602
776	92.452933
772	92.484117
768	92.484775
764	92.506303
760	92.514549
756	92.515211
752	92.510213
748	92.55159
744	92.545422
740	92.553455
736	92.556536
732	92.577589
728	92.604692
724	92.574765
720	92.60714
716	92.599807
712	92.640844
708	92.612922
704	92.618451
700	92.636542
696	92.64645
692	92.644324
688	92.6239
684	92.623221
680	92.637704
676	92.634405
672	92.629107
668	92.633228
664	92.625835
660	92.651795
656	92.668401
652	92.657029
648	92.654998
644	92.658646
640	92.688635
636	92.651198
632	92.635791
628	92.656146
624	92.672623
620	92.666399
616	92.616232
612	92.645051
608	92.663124
604	92.62367
600	92.632357
596	92.66573
592	92.643535
588	92.645729
584	92.637914
580	92.636592
576	92.648532
572	92.651903
568	92.625624
564	92.654028
560	92.628858
556	92.631197
552	92.607148
548	92.632244
544	92.626117
540	92.612204
536	92.604981
532	92.596451
528	92.58825
524	92.586633
520	92.56213
516	92.561796
512	92.539624
508	92.513106
504	92.504829
500	92.496514
496	92.497215
492	92.474486
488	92.462114
484	92.451263
480	92.440194
476	92.424585
472	92.400062
468	92.404736
464	92.375206
460	92.36014
456	92.345859
452	92.354714
448	92.334306
444	92.299273
440	92.305974
436	92.302924
432	92.309753
428	92.290922
424	92.268944
420	92.292588
416	92.282036
412	92.269649
408	92.276956
404	92.305521
400	92.286585
396	92.281058
392	92.24625
388	92.205015
384	92.109547
380	92.034699
376	92.012557
372	92.066831
368	92.046445
364	92.021289
360	91.95893
356	91.8236
352	91.613297
348	91.432033
344	91.168887
340	90.767433
336	90.240838
332	89.572079
328	88.610657
324	87.314014
320	85.565463
316	83.287842
312	80.436534
308	76.565902
304	71.672746
300	65.556637