2500	88.348682
2496	88.405881
2492	88.424978
2488	88.464607
2484	88.490771
2480	88.591487
2476	88.638497
2472	88.714131
2468	88.702603
2464	88.738781
2460	88.776849
2456	88.842494
2452	88.911383
2448	88.952707
2444	88.976087
2440	88.991891
2436	88.979858
2432	89.021962
2428	89.088671
2424	89.113475
2420	89.190441
2416	89.244944
2412	89.322412
2408	89.38073
2404	89.458681
2400	89.559377
2396	89.651471
2392	89.753416
2388	89.846424
2384	89.926233
2380	90.013635
2376	90.081741
2372	90.155207
2368	90.206022
2364	90.268172
2360	90.331072
2356	90.377195
2352	90.425618
2348	90.453866
2344	90.460835
2340	90.476736
2336	90.496884
2332	90.519324
2328	90.5417
2324	90.576134
2320	90.622371
2316	90.686518
2312	90.732433
2308	90.739286
2304	90.698817
2300	90.655066
2296	90.65776
2292	90.676781
2288	90.719347
2284	90.761464
2280	90.753923
2276	90.700258
2272	90.643947
2268	90.646105
2264	90.702293
2260	90.70869
2256	90.642117
2252	90.557631
2248	90.604623
2244	90.637151
2240	90.581303
2236	90.525709
2232	90.536285
2228	90.569093
2224	90.508201
2220	90.494787
2216	90.555027
2212	90.572047
2208	90.528056
2204	90.628731
2200	90.701849
2196	90.685613
2192	90.754422
2188	90.834842
2184	90.813532
2180	90.918307
2176	90.932684
2172	90.929345
2168	91.020935
2164	91.009089
2160	91.075637
2156	91.118367
2152	91.137033
2148	91.215093
2144	91.218401
2140	91.315764
2136	91.335438
2132	91.401712
2128	91.433666
2124	91.484258
2120	91.513512
2116	91.561809
2112	91.610119
2108	91.643806
2104	91.647627
2100	91.679193
2096	91.673823
2092	91.71886
2088	91.696724
2084	91.763145
2080	91.743858
2076	91.762541
2072	91.796206
2068	91.752239
2064	91.819776
2060	91.807318
2056	91.760357
2052	91.828999
2048	91.804974
2044	91.752097
2040	91.828468
2036	91.859576
2032	91.787269
2028	91.799244
2024	91.886603
2020	91.870273
2016	91.777524
2012	91.777883
2008	91.858345
2004	91.889397
2000	91.848836
1996	91.792363
1992	91.779192
1988	91.838789
1984	91.906002
1980	91.934977
1976	91.925489
1972	91.886994
1968	91.844918
1964	91.826187
1960	91.841788
1956	91.865017
1952	91.889198
1948	91.889158
1944	91.901241
1940	91.929313
1936	91.954839
1932	91.944605
1928	91.914071
1924	91.913904
1920	91.948648
1916	91.876528
1912	91.913466
1908	91.944648
1904	91.934563
1900	91.939104
1896	91.987673
1892	91.990663
1888	91.894341
1884	91.849723
1880	91.849179
1876	91.868989
1872	91.980705
1868	91.970683
1864	91.899944
1860	91.902242
1856	92.002671
1852	91.978987
1848	91.907946
1844	91.945761
1840	91.929009
1836	91.878648
1832	92.002828
1828	92.028773
1824	91.925046
1820	91.957103
1816	91.932302
1812	91.958408
1808	91.972313
1804	91.936473
1800	91.861708
1796	91.885882
1792	91.867433
1788	91.891883
1784	91.858639
1780	91.846628
1776	91.839524
1772	91.84686
1768	91.84357
1764	91.826855
1760	91.842199
1756	91.831051
1752	91.839121
1748	91.843695
1744	91.851891
1740	91.834906
1736	91.817962
1732	91.83439
1728	91.835878
1724	91.833709
1720	91.845526
1716	91.837923
1712	91.83905
1708	91.821854
1704	91.823185
1700	91.822505
1696	91.837422
1692	91.827544
1688	91.830901
1684	91.835479
1680	91.835791
1676	91.831711
1672	91.813691
1668	91.829068
1664	91.836308
1660	91.834491
1656	91.830181
1652	91.838633
1648	91.823464
1644	91.814752
1640	91.822756
1636	91.826792
1632	91.828898
1628	91.819701
1624	91.819749
1620	91.825341
1616	91.797333
1612	91.807749
1608	91.816686
1604	91.82036
1600	91.816673
1596	91.813175
1592	91.793325
1588	91.8132
1584	91.814175
1580	91.799116
1576	91.788058
1572	91.778084
1568	91.784235
1564	91.786795
1560	91.785016
1556	91.791185
1552	91.780692
1548	91.777613
1544	91.779908
1540	91.76464
1536	91.758382
1532	91.759226
1528	91.763836
1524	91.762346
1520	91.748909
1516	91.751968
1512	91.750413
1508	91.739079
1504	91.73158
1500	91.730148
1496	91.722933
1492	91.709477
1488	91.698509
1484	91.69411
1480	91.687861
1476	91.678082
1472	91.668332
1468	91.656942
1464	91.645972
1460	91.63264
1456	91.612007
1452	91.594383
1448	91.576514
1444	91.548772
1440	91.531699
1436	91.507085
1432	91.492085
1428	91.467925
1424	91.426019
1420	91.401909
1416	91.386271
1412	91.366389
1408	91.362206
1404	91.378821
1400	91.410154
1396	91.451148
1392	91.509389
1388	91.558672
1384	91.583148
1380	91.616747
1376	91.64847
1372	91.640152
1368	91.627148
1364	91.636524
1360	91.657585
1356	91.666295
1352	91.659884
1348	91.663599
1344	91.666822
1340	91.657282
1336	91.649469
1332	91.651706
1328	91.648231
1324	91.646369
1320	91.64887
1316	91.650035
1312	91.647499
1308	91.64759
1304	91.647922
1300	91.646026
1296	91.638273
1292	91.629722
1288	91.629988
1284	91.629092
1280	91.622491
1276	91.626048
1272	91.62767
1268	91.616169
1264	91.608462
1260	91.607075
1256	91.610742
1252	91.602502
1248	91.590822
1244	91.589576
1240	91.587793
1236	91.587662
1232	91.593864
1228	91.595901
1224	91.602284
1220	91.596196
1216	91.579778
1212	91.573415
1208	91.574735
1204	91.584722
1200	91.58176
1196	91.57417
1192	91.570323
1188	91.564352
1184	91.568745
1180	91.566037
1176	91.550847
1172	91.555055
1168	91.553918
1164	91.548863
1160	91.554972
1156	91.555042
1152	91.549262
1148	91.539204
1144	91.550361
1140	91.539631
1136	91.532974
1132	91.535312
1128	91.528207
1124	91.521973
1120	91.53387
1116	91.525333
1112	91.51578
1108	91.519146
1104	91.510421
1100	91.509982
1096	91.508159
1092	91.513881
1088	91.49996
1084	91.514697
1080	91.504967
1076	91.507766
1072	91.49784
1068	91.491554
1064	91.501592
1060	91.489162
1056	91.481596
1052	91.488853
1048	91.47767
1044	91.483727
1040	91.484246
1036	91.481906
1032	91.475641
1028	91.480975
1024	91.484996
1020	91.478298
1016	91.472939
1012	91.476686
1008	91.46774
1004	91.460205
1000	91.471227
996	91.472666
992	91.462127
988	91.468858
984	91.46378
980	91.456334
976	91.46233
972	91.464334
968	91.46943
964	91.472469
960	91.47441
956	91.464817
952	91.468316
948	91.4818
944	91.494152
940	91.475353
936	91.470713
932	91.482318
928	91.4719
924	91.485435
920	91.498595
916	91.487154
912	91.497193
908	91.486985
904	91.491463
900	91.501665
896	91.483017
892	91.485245
888	91.492339
884	91.484598
880	91.471284
876	91.476911
872	91.488414
868	91.501799
864	91.515304
860	91.69317
856	91.794003
852	91.865184
848	91.913459
844	91.932995
840	91.909539
836	91.849292
832	91.822276
828	91.726018
824	91.643312
820	91.587592
816	91.55285
812	91.524148
808	91.52115
804	91.508165
800	91.492591
796	91.513733
792	91.515604
788	91.514729
784	91.494497
780	91.514855
776	91.506794
772	91.491155
768	91.501305
764	91.518678
760	91.506302
756	91.515626
752	91.515332
748	91.522557
744	91.510137
740	91.518965
736	91.504662
732	91.526124
728	91.524945
724	91.51782
720	91.519262
716	91.540147
712	91.540325
708	91.510094
704	91.504231
700	91.515952
696	91.528756
692	91.531011
688	91.511937
684	91.535283
680	91.51623
676	91.530508
672	91.521798
668	91.502269
664	91.498897
660	91.526366
656	91.492629
652	91.508359
648	91.495972
644	91.513072
640	91.51118
636	91.497078
632	91.503981
628	91.486355
624	91.512564
620	91.498564
616	91.483051
612	91.489171
608	91.491872
604	91.481011
600	91.471349
596	91.469197
592	91.472391
588	91.455992
584	91.445328
580	91.458608
576	91.442023
572	91.454615
568	91.439039
564	91.457248
560	91.446845
556	91.429361
552	91.417819
548	91.407612
544	91.421635
540	91.402415
536	91.388464
532	91.383839
528	91.382648
524	91.355771
520	91.327909
516	91.332008
512	91.334744
508	91.318657
504	91.27635
500	91.287883
496	91.271133
492	91.263276
488	91.254034
484	91.265434
480	91.263877
476	91.232949
472	91.202911
468	91.197488
464	91.169481
460	91.13619
456	91.114072
452	91.12386
448	91.1198
444	91.101944
440	91.065732
436	91.066772
432	91.066819
428	91.028625
424	90.999011
420	91.000866
416	90.970299
412	90.946114
408	90.874311
404	90.841514
400	90.774661
396	90.685638
392	90.546806
388	90.43584
384	90.27428
380	90.151025
376	90.008917
372	89.783832
368	89.479481
364	89.065964
360	88.538155
356	87.860999
352	87.002358
348	85.93998
344	84.610361
340	82.904043
336	80.756105
332	78.168097
328	74.958643
324	71.05934
320	66.427875
316	61.318258
312	56.248679
308	49.642223
304	42.588434
300	35.344749