6.000000000000000000e+02 7.411503871590522036e-04
6.040000000000000000e+02 3.779652489909877846e-04
6.080000000000000000e+02 1.843056448852550377e-04
6.120000000000000000e+02 7.600773942398077448e-04
6.160000000000000000e+02 5.354392680595075008e-04
6.200000000000000000e+02 3.167397339381352738e-04
6.240000000000000000e+02 9.721488933888344178e-04
6.280000000000000000e+02 3.578296807958610839e-04
6.320000000000000000e+02 3.193110018055311133e-04
6.360000000000000000e+02 4.217109918606346398e-04
6.400000000000000000e+02 7.517295568312389129e-04
6.440000000000000000e+02 1.376503628486319577e-04
6.480000000000000000e+02 3.534213695185525056e-04
6.520000000000000000e+02 5.869631888834776767e-04
6.560000000000000000e+02 3.667694986374313380e-04
6.600000000000000000e+02 7.714666263345169687e-04
6.640000000000000000e+02 5.981058757560307705e-04
6.680000000000000000e+02 6.211477500945234483e-04
6.720000000000000000e+02 1.012365841386861755e-03
6.760000000000000000e+02 1.251645863644089418e-03
6.800000000000000000e+02 1.382423282007237686e-03
6.840000000000000000e+02 1.861815281198586289e-03
6.880000000000000000e+02 1.276738404404725771e-03
6.920000000000000000e+02 2.261635085117529032e-03
6.960000000000000000e+02 2.655908630920108052e-03
7.000000000000000000e+02 2.916441111479089066e-03
7.040000000000000000e+02 4.052890143465887572e-03
7.080000000000000000e+02 4.388692172920204658e-03
7.120000000000000000e+02 6.109822463581304416e-03
7.160000000000000000e+02 7.224464353651531556e-03
7.200000000000000000e+02 7.670357423463614044e-03
7.240000000000000000e+02 9.397881887830597525e-03
7.280000000000000000e+02 1.140644946648818221e-02
7.320000000000000000e+02 1.351526048348820723e-02
7.360000000000000000e+02 1.509307137175033148e-02
7.400000000000000000e+02 1.762834333201697065e-02
7.440000000000000000e+02 1.994277502843040326e-02
7.480000000000000000e+02 2.220798876235999947e-02
7.520000000000000000e+02 2.547475802641231690e-02
7.560000000000000000e+02 2.819231368907505059e-02
7.600000000000000000e+02 3.191118349881377075e-02
7.640000000000000000e+02 3.595794046921062248e-02
7.680000000000000000e+02 3.931068245292252544e-02
7.720000000000000000e+02 4.401581078493672222e-02
7.760000000000000000e+02 4.921214017058683082e-02
7.800000000000000000e+02 5.406859817699417869e-02
7.840000000000000000e+02 5.981788395084559201e-02
7.880000000000000000e+02 6.545108146749559208e-02
7.920000000000000000e+02 7.052883021264488850e-02
7.960000000000000000e+02 7.506471301074656155e-02
8.000000000000000000e+02 7.918338408751267321e-02
8.040000000000000000e+02 8.300167240774063149e-02
8.080000000000000000e+02 8.692791128642607390e-02
8.120000000000000000e+02 9.085457873367805415e-02
8.160000000000000000e+02 9.489527555583285312e-02
8.200000000000000000e+02 9.911540497726030463e-02
8.240000000000000000e+02 1.043944268270737552e-01
8.280000000000000000e+02 1.101444651515294804e-01
8.320000000000000000e+02 1.167251748937027517e-01
8.360000000000000000e+02 1.252729009236568103e-01
8.400000000000000000e+02 1.348692007311393659e-01
8.440000000000000000e+02 1.457991388910384323e-01
8.480000000000000000e+02 1.563082235865894121e-01
8.520000000000000000e+02 1.686871231002519400e-01
8.560000000000000000e+02 1.788651189952306098e-01
8.600000000000000000e+02 1.892600361819994914e-01
8.640000000000000000e+02 1.964499522425433853e-01
8.680000000000000000e+02 2.024777440249879157e-01
8.720000000000000000e+02 2.044891256807550572e-01
8.760000000000000000e+02 2.058522153830057710e-01
8.800000000000000000e+02 2.042466680250131505e-01
8.840000000000000000e+02 2.029998978600699167e-01
8.880000000000000000e+02 2.007007699245023924e-01
8.920000000000000000e+02 1.989972072455696572e-01
8.960000000000000000e+02 1.986606091276761632e-01
9.000000000000000000e+02 1.990861080394609184e-01
9.040000000000000000e+02 2.016631612879290214e-01
9.080000000000000000e+02 2.059090175498891895e-01
9.120000000000000000e+02 2.121307203399035168e-01
9.160000000000000000e+02 2.203240545375067805e-01
9.200000000000000000e+02 2.319371276914516389e-01
9.240000000000000000e+02 2.452093599653378808e-01
9.280000000000000000e+02 2.600117642962407882e-01
9.320000000000000000e+02 2.776532269697858379e-01
9.360000000000000000e+02 2.967647740627752384e-01
9.400000000000000000e+02 3.172210275669718471e-01
9.440000000000000000e+02 3.365579465117924940e-01
9.480000000000000000e+02 3.540670532242057855e-01
9.520000000000000000e+02 3.689193493433062243e-01
9.560000000000000000e+02 3.787890586315710295e-01
9.600000000000000000e+02 3.837349370463965514e-01
9.640000000000000000e+02 3.833432413646898906e-01
9.680000000000000000e+02 3.785276624464551376e-01
9.720000000000000000e+02 3.693958879709438037e-01
9.760000000000000000e+02 3.586445804349277511e-01
9.800000000000000000e+02 3.463256319220444635e-01
9.840000000000000000e+02 3.331566869656033547e-01
9.880000000000000000e+02 3.221681247379888924e-01
9.920000000000000000e+02 3.116679673198955447e-01
9.960000000000000000e+02 3.034407201231698603e-01
1.000000000000000000e+03 2.971625281341723768e-01
1.004000000000000000e+03 2.921148024872464166e-01
1.008000000000000000e+03 2.910491615602239235e-01
1.012000000000000000e+03 2.910956773011602605e-01
1.016000000000000000e+03 2.934422484246350105e-01
1.020000000000000000e+03 2.991970925831438088e-01
1.024000000000000000e+03 3.067716187151569573e-01
1.028000000000000000e+03 3.163880247166669935e-01
1.032000000000000000e+03 3.298489496908451057e-01
1.036000000000000000e+03 3.447731031487280551e-01
1.040000000000000000e+03 3.635355907251848762e-01
1.044000000000000000e+03 3.838214479009613989e-01
1.048000000000000000e+03 4.072850870437522142e-01
1.052000000000000000e+03 4.315141012004765630e-01
1.056000000000000000e+03 4.573816261520334270e-01
1.060000000000000000e+03 4.834230264896381968e-01
1.064000000000000000e+03 5.079686323882207644e-01
1.068000000000000000e+03 5.300485173516111814e-01
1.072000000000000000e+03 5.490291772881049637e-01
1.076000000000000000e+03 5.618127025059124202e-01
1.080000000000000000e+03 5.683589076911741422e-01
1.084000000000000000e+03 5.690222525423553890e-01
1.088000000000000000e+03 5.631538482658670075e-01
1.092000000000000000e+03 5.515112725828758000e-01
1.096000000000000000e+03 5.359199683324311625e-01
1.100000000000000000e+03 5.174714151634229875e-01
1.104000000000000000e+03 4.982005051763344627e-01
1.108000000000000000e+03 4.768169774897261792e-01
1.112000000000000000e+03 4.563719158350313942e-01
1.116000000000000000e+03 4.378820698858274518e-01
1.120000000000000000e+03 4.204725423311616583e-01
1.124000000000000000e+03 4.044535303973166296e-01
1.128000000000000000e+03 3.907329419598620790e-01
1.132000000000000000e+03 3.785050821230842577e-01
1.136000000000000000e+03 3.692122722845561089e-01
1.140000000000000000e+03 3.622802163512872653e-01
1.144000000000000000e+03 3.561121398913090208e-01
1.148000000000000000e+03 3.530760655950833105e-01
1.152000000000000000e+03 3.512891575460684868e-01
1.156000000000000000e+03 3.522558481121482177e-01
1.160000000000000000e+03 3.538045159724942934e-01
1.164000000000000000e+03 3.582107857339442147e-01
1.168000000000000000e+03 3.643086740478308494e-01
1.172000000000000000e+03 3.719034908263879613e-01
1.176000000000000000e+03 3.822024992065694016e-01
1.180000000000000000e+03 3.939635144507125930e-01
1.184000000000000000e+03 4.073867197832370945e-01
1.188000000000000000e+03 4.234101439881133855e-01
1.192000000000000000e+03 4.411763637219801026e-01
1.196000000000000000e+03 4.611983118322400821e-01
1.200000000000000000e+03 4.831907668407703360e-01
1.204000000000000000e+03 5.069053550879198955e-01
1.208000000000000000e+03 5.312200031818836710e-01
1.212000000000000000e+03 5.574351294375036181e-01
1.216000000000000000e+03 5.840984721918841549e-01
1.220000000000000000e+03 6.098600881271167840e-01
1.224000000000000000e+03 6.345268229070731847e-01
1.228000000000000000e+03 6.578690816175971623e-01
1.232000000000000000e+03 6.779837226031149022e-01
1.236000000000000000e+03 6.944509054098735312e-01
1.240000000000000000e+03 7.063208680723244148e-01
1.244000000000000000e+03 7.128311548860909452e-01
1.248000000000000000e+03 7.153373972314686080e-01
1.252000000000000000e+03 7.114365892140884773e-01
1.256000000000000000e+03 7.024421019414152090e-01
1.260000000000000000e+03 6.898491352898824536e-01
1.264000000000000000e+03 6.742541488464740551e-01
1.268000000000000000e+03 6.549746380211785013e-01
1.272000000000000000e+03 6.343222807618280612e-01
1.276000000000000000e+03 6.115896667514428842e-01
1.280000000000000000e+03 5.899792218756636508e-01
1.284000000000000000e+03 5.676648731573201712e-01
1.288000000000000000e+03 5.461827850409142204e-01
1.292000000000000000e+03 5.255843892773413017e-01
1.296000000000000000e+03 5.063950321374779406e-01
1.300000000000000000e+03 4.889691926666961397e-01
1.304000000000000000e+03 4.725719358361398781e-01
1.308000000000000000e+03 4.575513270076014272e-01
1.312000000000000000e+03 4.444989885700490473e-01
1.316000000000000000e+03 4.327836420883983126e-01
1.320000000000000000e+03 4.225991036892655095e-01
1.324000000000000000e+03 4.141808502655872637e-01
1.328000000000000000e+03 4.065902002821577543e-01
1.332000000000000000e+03 3.999668151106290370e-01
1.336000000000000000e+03 3.951056681118593761e-01
1.340000000000000000e+03 3.920024892962993834e-01
1.344000000000000000e+03 3.893960241133310740e-01
1.348000000000000000e+03 3.880684137430040481e-01
1.352000000000000000e+03 3.888505377580260269e-01
1.356000000000000000e+03 3.891111099594788958e-01
1.360000000000000000e+03 3.920060729104740682e-01
1.364000000000000000e+03 3.946558141644978535e-01
1.368000000000000000e+03 3.990845197238273023e-01
1.372000000000000000e+03 4.051047436027788162e-01
1.376000000000000000e+03 4.113344844482512697e-01
1.380000000000000000e+03 4.193356872477542741e-01
1.384000000000000000e+03 4.287323408485138043e-01
1.388000000000000000e+03 4.384324938832663832e-01
1.392000000000000000e+03 4.498537375098466962e-01
1.396000000000000000e+03 4.619536938851790953e-01
1.400000000000000000e+03 4.758066339997430449e-01
1.404000000000000000e+03 4.908948829881115139e-01
1.408000000000000000e+03 5.067298039134678911e-01
1.412000000000000000e+03 5.244386913588057197e-01
1.416000000000000000e+03 5.417355348156581707e-01
1.420000000000000000e+03 5.614808011035511415e-01
1.424000000000000000e+03 5.816112079061960261e-01
1.428000000000000000e+03 6.027077882410953880e-01
1.432000000000000000e+03 6.235164218113723456e-01
1.436000000000000000e+03 6.458758753306037548e-01
1.440000000000000000e+03 6.677385853226112111e-01
1.444000000000000000e+03 6.894276813824785632e-01
1.448000000000000000e+03 7.101892983416158156e-01
1.452000000000000000e+03 7.297606137981732521e-01
1.456000000000000000e+03 7.480321157584722824e-01
1.460000000000000000e+03 7.650204516861820458e-01
1.464000000000000000e+03 7.793817776196321212e-01
1.468000000000000000e+03 7.908256163953100160e-01
1.472000000000000000e+03 8.006365427436973325e-01
1.476000000000000000e+03 8.058765205937629128e-01
1.480000000000000000e+03 8.092197640882098364e-01
1.484000000000000000e+03 8.088073700098116214e-01
1.488000000000000000e+03 8.058059124543870411e-01
1.492000000000000000e+03 7.990248825395586119e-01
1.496000000000000000e+03 7.900349469179641648e-01
1.500000000000000000e+03 7.782499583800653875e-01
1.504000000000000000e+03 7.646135406233636189e-01
1.508000000000000000e+03 7.501744940129475570e-01
1.512000000000000000e+03 7.328776064328301754e-01
1.516000000000000000e+03 7.157366737590971084e-01
1.520000000000000000e+03 6.971348968482284914e-01
1.524000000000000000e+03 6.791167732655323253e-01
1.528000000000000000e+03 6.604179952546964660e-01
1.532000000000000000e+03 6.416347463545308827e-01
1.536000000000000000e+03 6.229168801877847939e-01
1.540000000000000000e+03 6.058917803532281043e-01
1.544000000000000000e+03 5.885316643650641000e-01
1.548000000000000000e+03 5.725615949144817751e-01
1.552000000000000000e+03 5.565667974052677103e-01
1.556000000000000000e+03 5.422070685595780093e-01
1.560000000000000000e+03 5.277451475920177382e-01
1.564000000000000000e+03 5.147464535912295025e-01
1.568000000000000000e+03 5.023350691159894632e-01
1.572000000000000000e+03 4.907182412261871796e-01
1.576000000000000000e+03 4.807575551568858407e-01
1.580000000000000000e+03 4.712663068335727901e-01
1.584000000000000000e+03 4.616886016374876500e-01
1.588000000000000000e+03 4.537771210809163347e-01
1.592000000000000000e+03 4.468948759664488901e-01
1.596000000000000000e+03 4.398033110047200323e-01
1.600000000000000000e+03 4.338415755936501084e-01
1.604000000000000000e+03 4.286925664639850142e-01
1.608000000000000000e+03 4.243378507097459451e-01
1.612000000000000000e+03 4.202135966473585227e-01
1.616000000000000000e+03 4.169970820489611874e-01
1.620000000000000000e+03 4.149011316305621921e-01
1.624000000000000000e+03 4.130481735833370638e-01
1.628000000000000000e+03 4.115330075642082974e-01
1.632000000000000000e+03 4.099966077375093443e-01
1.636000000000000000e+03 4.094266609165421178e-01
1.640000000000000000e+03 4.095994885552781128e-01
1.644000000000000000e+03 4.111673287264014931e-01
1.648000000000000000e+03 4.120802685218840633e-01
1.652000000000000000e+03 4.138520360229936967e-01
1.656000000000000000e+03 4.163101914403924964e-01
1.660000000000000000e+03 4.189153021914075459e-01
1.664000000000000000e+03 4.220393694332831291e-01
1.668000000000000000e+03 4.261495741189464947e-01
1.672000000000000000e+03 4.308998921646729485e-01
1.676000000000000000e+03 4.350719206431898356e-01
1.680000000000000000e+03 4.411855300962855275e-01
1.684000000000000000e+03 4.465334675019807520e-01
1.688000000000000000e+03 4.536982788997897531e-01
1.692000000000000000e+03 4.606457249907027207e-01
1.696000000000000000e+03 4.683791138837645196e-01
1.700000000000000000e+03 4.762421443076507166e-01
1.704000000000000000e+03 4.852429111467299605e-01
1.708000000000000000e+03 4.939880881166284765e-01
1.712000000000000000e+03 5.040816387281040756e-01
1.716000000000000000e+03 5.142709537520638863e-01
1.720000000000000000e+03 5.249573803265922267e-01
1.724000000000000000e+03 5.366042272807080016e-01
1.728000000000000000e+03 5.490195020569735851e-01
1.732000000000000000e+03 5.614647243202688376e-01
1.736000000000000000e+03 5.742348168033077904e-01
1.740000000000000000e+03 5.878069222131119265e-01
1.744000000000000000e+03 6.020198754533542251e-01
1.748000000000000000e+03 6.161792468035071080e-01
1.752000000000000000e+03 6.308301821234303386e-01
1.756000000000000000e+03 6.449180839305873603e-01
1.760000000000000000e+03 6.604664372394838390e-01
1.764000000000000000e+03 6.757696580709621204e-01
1.768000000000000000e+03 6.915165615426438483e-01
1.772000000000000000e+03 7.065977371946610130e-01
1.776000000000000000e+03 7.217454779694237876e-01
1.780000000000000000e+03 7.363805089244399582e-01
1.784000000000000000e+03 7.515245456385231115e-01
1.788000000000000000e+03 7.661816107655695651e-01
1.792000000000000000e+03 7.797820261354545535e-01
1.796000000000000000e+03 7.929642817994342341e-01
1.800000000000000000e+03 8.048110571261971602e-01
1.804000000000000000e+03 8.163138574017720916e-01
1.808000000000000000e+03 8.263470745010254026e-01
1.812000000000000000e+03 8.359762873000585737e-01
1.816000000000000000e+03 8.440551246998631019e-01
1.820000000000000000e+03 8.501752815867084090e-01
1.824000000000000000e+03 8.561522673326840138e-01
1.828000000000000000e+03 8.601282040946287566e-01
1.832000000000000000e+03 8.626235550447400868e-01
1.836000000000000000e+03 8.636215875688529886e-01
1.840000000000000000e+03 8.632391644637610328e-01
1.844000000000000000e+03 8.615011481258630921e-01
1.848000000000000000e+03 8.585422020955598699e-01
1.852000000000000000e+03 8.533465548704681769e-01
1.856000000000000000e+03 8.474959540792500468e-01
1.860000000000000000e+03 8.406497940035371208e-01
1.864000000000000000e+03 8.328540100903878418e-01
1.868000000000000000e+03 8.245258357261912030e-01
1.872000000000000000e+03 8.147518127510009478e-01
1.876000000000000000e+03 8.039465302866247720e-01
1.880000000000000000e+03 7.926525657831026139e-01
1.884000000000000000e+03 7.811291286221458963e-01
1.888000000000000000e+03 7.687081307658107932e-01
1.892000000000000000e+03 7.559915347091663573e-01
1.896000000000000000e+03 7.438814105948193811e-01
1.900000000000000000e+03 7.307051583554784457e-01
1.904000000000000000e+03 7.177233371894747860e-01
1.908000000000000000e+03 7.051085668584093913e-01
1.912000000000000000e+03 6.915629499282871517e-01
1.916000000000000000e+03 6.795742258787819123e-01
1.920000000000000000e+03 6.668871396693791809e-01
1.924000000000000000e+03 6.538493828240259376e-01
1.928000000000000000e+03 6.417493344309037617e-01
1.932000000000000000e+03 6.295266680441337082e-01
1.936000000000000000e+03 6.180291688338739320e-01
1.940000000000000000e+03 6.068230843089783555e-01
1.944000000000000000e+03 5.961123102937877505e-01
1.948000000000000000e+03 5.858003085546135136e-01
1.952000000000000000e+03 5.755581119671033807e-01
1.956000000000000000e+03 5.651749165949474518e-01
1.960000000000000000e+03 5.556517182780752462e-01
1.964000000000000000e+03 5.467612085307100855e-01
1.968000000000000000e+03 5.385502367599228624e-01
1.972000000000000000e+03 5.295564175780299587e-01
1.976000000000000000e+03 5.221129526520431607e-01
1.980000000000000000e+03 5.147442489327794801e-01
1.984000000000000000e+03 5.072414222847180243e-01
1.988000000000000000e+03 5.001833331586249543e-01
1.992000000000000000e+03 4.935540844208768374e-01
1.996000000000000000e+03 4.878396045085522381e-01
2.000000000000000000e+03 4.814444977764044675e-01
2.004000000000000000e+03 4.756098619083600210e-01
2.008000000000000000e+03 4.708888607925409975e-01
2.012000000000000000e+03 4.660267226727706769e-01
2.016000000000000000e+03 4.616157389912503017e-01
2.020000000000000000e+03 4.573634750602502130e-01
2.024000000000000000e+03 4.530485639653062946e-01
2.028000000000000000e+03 4.486754107957031668e-01
2.032000000000000000e+03 4.460716393316802031e-01
2.036000000000000000e+03 4.420246715573694085e-01
2.040000000000000000e+03 4.398289506590641329e-01
2.044000000000000000e+03 4.368170821842283780e-01
2.048000000000000000e+03 4.346440280505227682e-01
2.052000000000000000e+03 4.324049011068746284e-01
2.056000000000000000e+03 4.303973532322120099e-01
2.060000000000000000e+03 4.280192542503941100e-01
2.064000000000000000e+03 4.273836134561652123e-01
2.068000000000000000e+03 4.258274835450930884e-01
2.072000000000000000e+03 4.242331320347593748e-01
2.076000000000000000e+03 4.236843375737940343e-01
2.080000000000000000e+03 4.230828418543876035e-01
2.084000000000000000e+03 4.228001951457779906e-01
2.088000000000000000e+03 4.229495765831112752e-01
2.092000000000000000e+03 4.222392181065682260e-01
2.096000000000000000e+03 4.227970840513951001e-01
2.100000000000000000e+03 4.231712697180993743e-01
2.104000000000000000e+03 4.235437696137361874e-01
2.108000000000000000e+03 4.240486171145435024e-01
2.112000000000000000e+03 4.251132188336477769e-01
2.116000000000000000e+03 4.266605818065736799e-01
2.120000000000000000e+03 4.278619158704983216e-01
2.124000000000000000e+03 4.292945649973074485e-01
2.128000000000000000e+03 4.309727102574323898e-01
2.132000000000000000e+03 4.337069734965243173e-01
2.136000000000000000e+03 4.351097923541791812e-01
2.140000000000000000e+03 4.379990181235989266e-01
2.144000000000000000e+03 4.404375959497436877e-01
2.148000000000000000e+03 4.433532324667169289e-01
2.152000000000000000e+03 4.460604856363079018e-01
2.156000000000000000e+03 4.488098519192594837e-01
2.160000000000000000e+03 4.522376042740474111e-01
2.164000000000000000e+03 4.563161880371803258e-01
2.168000000000000000e+03 4.593252521418957901e-01
2.172000000000000000e+03 4.634813647683853621e-01
2.176000000000000000e+03 4.680152157531506929e-01
2.180000000000000000e+03 4.715988819773024865e-01
2.184000000000000000e+03 4.762970659704678922e-01
2.188000000000000000e+03 4.812068309970687907e-01
2.192000000000000000e+03 4.855874950903961151e-01
2.196000000000000000e+03 4.909495249221286772e-01
