6.000000000000000000e+02 4.984293657130622586e-04
6.040000000000000000e+02 7.405316114499279094e-04
6.080000000000000000e+02 1.573010679325622893e-04
6.120000000000000000e+02 1.017215331484975236e-03
6.160000000000000000e+02 1.495339299884889750e-04
6.200000000000000000e+02 2.771743115496862631e-04
6.240000000000000000e+02 9.067963153535563885e-04
6.280000000000000000e+02 1.074914385333257220e-03
6.320000000000000000e+02 1.403352482629670892e-03
6.360000000000000000e+02 1.349102051587497322e-03
6.400000000000000000e+02 1.098931700579965174e-03
6.440000000000000000e+02 1.673085669590073429e-03
6.480000000000000000e+02 2.607538576541110383e-03
6.520000000000000000e+02 2.227543787697729323e-03
6.560000000000000000e+02 3.376813271113355934e-03
6.600000000000000000e+02 3.739037773679005586e-03
6.640000000000000000e+02 5.138790614669608466e-03
6.680000000000000000e+02 6.307998514846890371e-03
6.720000000000000000e+02 7.819585210198534350e-03
6.760000000000000000e+02 9.831232530760436114e-03
6.800000000000000000e+02 1.120062730632188745e-02
6.840000000000000000e+02 1.364629619387782225e-02
6.880000000000000000e+02 1.595452135931776580e-02
6.920000000000000000e+02 1.851174903335279023e-02
6.960000000000000000e+02 2.068516879875609282e-02
7.000000000000000000e+02 2.433313454336340220e-02
7.040000000000000000e+02 2.717321071081727629e-02
7.080000000000000000e+02 3.098138464330662742e-02
7.120000000000000000e+02 3.541870783667281503e-02
7.160000000000000000e+02 3.954360636073157853e-02
7.200000000000000000e+02 4.364555147197308332e-02
7.240000000000000000e+02 4.842838694307449038e-02
7.280000000000000000e+02 5.342227970199280723e-02
7.320000000000000000e+02 5.831544396106886491e-02
7.360000000000000000e+02 6.402706815424628883e-02
7.400000000000000000e+02 6.924378733010319587e-02
7.440000000000000000e+02 7.528065890627166912e-02
7.480000000000000000e+02 8.076886574505047489e-02
7.520000000000000000e+02 8.727032918930775762e-02
7.560000000000000000e+02 9.262336953308655807e-02
7.600000000000000000e+02 9.823118967797167533e-02
7.640000000000000000e+02 1.037673652767838184e-01
7.680000000000000000e+02 1.104011736931898996e-01
7.720000000000000000e+02 1.171568312141470919e-01
7.760000000000000000e+02 1.251599611634919285e-01
7.800000000000000000e+02 1.327367430492569222e-01
7.840000000000000000e+02 1.402654989426783405e-01
7.880000000000000000e+02 1.484458677139111615e-01
7.920000000000000000e+02 1.551476667611359217e-01
7.960000000000000000e+02 1.617172621760699647e-01
8.000000000000000000e+02 1.668290681522490715e-01
8.040000000000000000e+02 1.712206891048239088e-01
8.080000000000000000e+02 1.760548216545048394e-01
8.120000000000000000e+02 1.799268120044675290e-01
8.160000000000000000e+02 1.864035806893920288e-01
8.200000000000000000e+02 1.938216390028628389e-01
8.240000000000000000e+02 2.021214961477641736e-01
8.280000000000000000e+02 2.130723034240532276e-01
8.320000000000000000e+02 2.226997841965340230e-01
8.360000000000000000e+02 2.328327482857293906e-01
8.400000000000000000e+02 2.420424799400940352e-01
8.440000000000000000e+02 2.489862416694678393e-01
8.480000000000000000e+02 2.555480446183912568e-01
8.520000000000000000e+02 2.595215041096509134e-01
8.560000000000000000e+02 2.610224676530536470e-01
8.600000000000000000e+02 2.620226464641542963e-01
8.640000000000000000e+02 2.604943097676269415e-01
8.680000000000000000e+02 2.602091722494649928e-01
8.720000000000000000e+02 2.617212160163863155e-01
8.760000000000000000e+02 2.653117478154095599e-01
8.800000000000000000e+02 2.744083952778222923e-01
8.840000000000000000e+02 2.854375524302319445e-01
8.880000000000000000e+02 2.985326507413774699e-01
8.920000000000000000e+02 3.135591721394964670e-01
8.960000000000000000e+02 3.260182214172894222e-01
9.000000000000000000e+02 3.385471737307029771e-01
9.040000000000000000e+02 3.482943729192389259e-01
9.080000000000000000e+02 3.553262344027467989e-01
9.120000000000000000e+02 3.604333826050122869e-01
9.160000000000000000e+02 3.625210985111789741e-01
9.200000000000000000e+02 3.612876288945012226e-01
9.240000000000000000e+02 3.572716226648542381e-01
9.280000000000000000e+02 3.514260525669986590e-01
9.320000000000000000e+02 3.425398623138236620e-01
9.360000000000000000e+02 3.347970049196492548e-01
9.400000000000000000e+02 3.289078120197083122e-01
9.440000000000000000e+02 3.264355247637124036e-01
9.480000000000000000e+02 3.294960020235340181e-01
9.520000000000000000e+02 3.383075773939219766e-01
9.560000000000000000e+02 3.514081243773984342e-01
9.600000000000000000e+02 3.684039552031674325e-01
9.640000000000000000e+02 3.870081044272536408e-01
9.680000000000000000e+02 4.047387501706271040e-01
9.720000000000000000e+02 4.217587727568208322e-01
9.760000000000000000e+02 4.362770974322134343e-01
9.800000000000000000e+02 4.475054078764222898e-01
9.840000000000000000e+02 4.561573780670370448e-01
9.880000000000000000e+02 4.616327437971169956e-01
9.920000000000000000e+02 4.644795888753959767e-01
9.960000000000000000e+02 4.631529269062186205e-01
1.000000000000000000e+03 4.580194916443754982e-01
1.004000000000000000e+03 4.502840901536398488e-01
1.008000000000000000e+03 4.381202561015700159e-01
1.012000000000000000e+03 4.241540661043514682e-01
1.016000000000000000e+03 4.091986489207756761e-01
1.020000000000000000e+03 3.938401632993625001e-01
1.024000000000000000e+03 3.820790711384907112e-01
1.028000000000000000e+03 3.739046821451625369e-01
1.032000000000000000e+03 3.704494085108320789e-01
1.036000000000000000e+03 3.727250302699467999e-01
1.040000000000000000e+03 3.806195066267885063e-01
1.044000000000000000e+03 3.929329179935190375e-01
1.048000000000000000e+03 4.099523743295140354e-01
1.052000000000000000e+03 4.301827119462635074e-01
1.056000000000000000e+03 4.517281117532952472e-01
1.060000000000000000e+03 4.735623401830724166e-01
1.064000000000000000e+03 4.939972005495648077e-01
1.068000000000000000e+03 5.119661973770074370e-01
1.072000000000000000e+03 5.275805177333838802e-01
1.076000000000000000e+03 5.406710561006971005e-01
1.080000000000000000e+03 5.497361504638973440e-01
1.084000000000000000e+03 5.549937243348909144e-01
1.088000000000000000e+03 5.574914825615426839e-01
1.092000000000000000e+03 5.559378923923555815e-01
1.096000000000000000e+03 5.518073771858694743e-01
1.100000000000000000e+03 5.424464359094198773e-01
1.104000000000000000e+03 5.311186786864422471e-01
1.108000000000000000e+03 5.154779812711468567e-01
1.112000000000000000e+03 4.973227472757147383e-01
1.116000000000000000e+03 4.781739250142286735e-01
1.120000000000000000e+03 4.581452399803505604e-01
1.124000000000000000e+03 4.398050736632099222e-01
1.128000000000000000e+03 4.236785882367864464e-01
1.132000000000000000e+03 4.102178733460387083e-01
1.136000000000000000e+03 4.013607775814670431e-01
1.140000000000000000e+03 3.965220512686607468e-01
1.144000000000000000e+03 3.968036309736751033e-01
1.148000000000000000e+03 3.999198175554387058e-01
1.152000000000000000e+03 4.089759917915094523e-01
1.156000000000000000e+03 4.207720000918979131e-01
1.160000000000000000e+03 4.367452109869077725e-01
1.164000000000000000e+03 4.553787883164833183e-01
1.168000000000000000e+03 4.775988959099183861e-01
1.172000000000000000e+03 5.001366391816465251e-01
1.176000000000000000e+03 5.231944483549314517e-01
1.180000000000000000e+03 5.457569176829526469e-01
1.184000000000000000e+03 5.663493419601809409e-01
1.188000000000000000e+03 5.848535130489065370e-01
1.192000000000000000e+03 6.012269004554755547e-01
1.196000000000000000e+03 6.154933581195912717e-01
1.200000000000000000e+03 6.261519853940010760e-01
1.204000000000000000e+03 6.333490314787395548e-01
1.208000000000000000e+03 6.366905603629111621e-01
1.212000000000000000e+03 6.378989664441649943e-01
1.216000000000000000e+03 6.353112909663395369e-01
1.220000000000000000e+03 6.297917954108902538e-01
1.224000000000000000e+03 6.204037910091085850e-01
1.228000000000000000e+03 6.088195020701392401e-01
1.232000000000000000e+03 5.937909050343725958e-01
1.236000000000000000e+03 5.754327368680667298e-01
1.240000000000000000e+03 5.557319638424405017e-01
1.244000000000000000e+03 5.350124210648005141e-01
1.248000000000000000e+03 5.139598316731989192e-01
1.252000000000000000e+03 4.938931431208496980e-01
1.256000000000000000e+03 4.743789332379487744e-01
1.260000000000000000e+03 4.570221302706796718e-01
1.264000000000000000e+03 4.414719257274307695e-01
1.268000000000000000e+03 4.293611697472762834e-01
1.272000000000000000e+03 4.201079432426468308e-01
1.276000000000000000e+03 4.134324545796147499e-01
1.280000000000000000e+03 4.094927878688530143e-01
1.284000000000000000e+03 4.088524974263885170e-01
1.288000000000000000e+03 4.109771493248274843e-01
1.292000000000000000e+03 4.163872983222677848e-01
1.296000000000000000e+03 4.245153687303581669e-01
1.300000000000000000e+03 4.350062615798222510e-01
1.304000000000000000e+03 4.485309518051038835e-01
1.308000000000000000e+03 4.638755051986045985e-01
1.312000000000000000e+03 4.815820470262409669e-01
1.316000000000000000e+03 5.012071388270679106e-01
1.320000000000000000e+03 5.228195992815548587e-01
1.324000000000000000e+03 5.445187890710539991e-01
1.328000000000000000e+03 5.665599789314370582e-01
1.332000000000000000e+03 5.885038071794428394e-01
1.336000000000000000e+03 6.086861850688441988e-01
1.340000000000000000e+03 6.285412063310361619e-01
1.344000000000000000e+03 6.465109137795530536e-01
1.348000000000000000e+03 6.625045662304324123e-01
1.352000000000000000e+03 6.755685518493128594e-01
1.356000000000000000e+03 6.874383441253605342e-01
1.360000000000000000e+03 6.955389470972741517e-01
1.364000000000000000e+03 7.018609351377641525e-01
1.368000000000000000e+03 7.050157696920827943e-01
1.372000000000000000e+03 7.055050438746602870e-01
1.376000000000000000e+03 7.026699456711699154e-01
1.380000000000000000e+03 6.975824162883257351e-01
1.384000000000000000e+03 6.901956538451184953e-01
1.388000000000000000e+03 6.805892126928320129e-01
1.392000000000000000e+03 6.680127736386198833e-01
1.396000000000000000e+03 6.533842084137134743e-01
1.400000000000000000e+03 6.361750496813304290e-01
1.404000000000000000e+03 6.176831392667505582e-01
1.408000000000000000e+03 5.990414751031327700e-01
1.412000000000000000e+03 5.790850462325759507e-01
1.416000000000000000e+03 5.591446523848215833e-01
1.420000000000000000e+03 5.389801874698444406e-01
1.424000000000000000e+03 5.198032681549334955e-01
1.428000000000000000e+03 5.023323119170759465e-01
1.432000000000000000e+03 4.850513560204571251e-01
1.436000000000000000e+03 4.698565108687888792e-01
1.440000000000000000e+03 4.570980619573285497e-01
1.444000000000000000e+03 4.459495900781864641e-01
1.448000000000000000e+03 4.363132731191873837e-01
1.452000000000000000e+03 4.279619580762382691e-01
1.456000000000000000e+03 4.219191946879227162e-01
1.460000000000000000e+03 4.173377677247817052e-01
1.464000000000000000e+03 4.150508730257826961e-01
1.468000000000000000e+03 4.138869747113342878e-01
1.472000000000000000e+03 4.152361495267821723e-01
1.476000000000000000e+03 4.180639578618235985e-01
1.480000000000000000e+03 4.218459658826821945e-01
1.484000000000000000e+03 4.275670063114389574e-01
1.488000000000000000e+03 4.347545533710762689e-01
1.492000000000000000e+03 4.435300406305537901e-01
1.496000000000000000e+03 4.546627411194909540e-01
1.500000000000000000e+03 4.669247435217297459e-01
1.504000000000000000e+03 4.794991426158368153e-01
1.508000000000000000e+03 4.945650594191701721e-01
1.512000000000000000e+03 5.101215792472830746e-01
1.516000000000000000e+03 5.280034649391515122e-01
1.520000000000000000e+03 5.458633316742930175e-01
1.524000000000000000e+03 5.642340067931012060e-01
1.528000000000000000e+03 5.831288995453909330e-01
1.532000000000000000e+03 6.027441876944059640e-01
1.536000000000000000e+03 6.215618820001971301e-01
1.540000000000000000e+03 6.405133091323937933e-01
1.544000000000000000e+03 6.583335845367734862e-01
1.548000000000000000e+03 6.756978294358394477e-01
1.552000000000000000e+03 6.918356037509612033e-01
1.556000000000000000e+03 7.068474613283229901e-01
1.560000000000000000e+03 7.200469827172004678e-01
1.564000000000000000e+03 7.318258536888239130e-01
1.568000000000000000e+03 7.408051441392284886e-01
1.572000000000000000e+03 7.488061631279097075e-01
1.576000000000000000e+03 7.552853062251836391e-01
1.580000000000000000e+03 7.588876129697521566e-01
1.584000000000000000e+03 7.606691434935997087e-01
1.588000000000000000e+03 7.609115705556673825e-01
1.592000000000000000e+03 7.589960021138751900e-01
1.596000000000000000e+03 7.544815755997176243e-01
1.600000000000000000e+03 7.488172206380445672e-01
1.604000000000000000e+03 7.412883616845080681e-01
1.608000000000000000e+03 7.314215062244708854e-01
1.612000000000000000e+03 7.206577910590400426e-01
1.616000000000000000e+03 7.084705127668026181e-01
1.620000000000000000e+03 6.941412989973142489e-01
1.624000000000000000e+03 6.788466840513592837e-01
1.628000000000000000e+03 6.631571382468181008e-01
1.632000000000000000e+03 6.467822606662049223e-01
1.636000000000000000e+03 6.295577628530341086e-01
1.640000000000000000e+03 6.113398653603016042e-01
1.644000000000000000e+03 5.941305475498903643e-01
1.648000000000000000e+03 5.775126413003939252e-01
1.652000000000000000e+03 5.608029376739547267e-01
1.656000000000000000e+03 5.447571747127224473e-01
1.660000000000000000e+03 5.293964009573811635e-01
1.664000000000000000e+03 5.152461873881497567e-01
1.668000000000000000e+03 5.018309168252158559e-01
1.672000000000000000e+03 4.888070938245130947e-01
1.676000000000000000e+03 4.776079055697826647e-01
1.680000000000000000e+03 4.667937833004645043e-01
1.684000000000000000e+03 4.576076657031526995e-01
1.688000000000000000e+03 4.483347502927876871e-01
1.692000000000000000e+03 4.412398063743475096e-01
1.696000000000000000e+03 4.347698143407945914e-01
1.700000000000000000e+03 4.291499075636932559e-01
1.704000000000000000e+03 4.248130339285270396e-01
1.708000000000000000e+03 4.213437284000761673e-01
1.712000000000000000e+03 4.189490638674452372e-01
1.716000000000000000e+03 4.169335779150181720e-01
1.720000000000000000e+03 4.157835388080081129e-01
1.724000000000000000e+03 4.155611854019274354e-01
1.728000000000000000e+03 4.164667476534328894e-01
1.732000000000000000e+03 4.178990617952137998e-01
1.736000000000000000e+03 4.204043696064316826e-01
1.740000000000000000e+03 4.241379545761742031e-01
1.744000000000000000e+03 4.280629268342101001e-01
1.748000000000000000e+03 4.327045205933254812e-01
1.752000000000000000e+03 4.384125950741369904e-01
1.756000000000000000e+03 4.453489568493136930e-01
1.760000000000000000e+03 4.518184246368067147e-01
1.764000000000000000e+03 4.600171401490797951e-01
1.768000000000000000e+03 4.693116892844497734e-01
1.772000000000000000e+03 4.789259915158119441e-01
1.776000000000000000e+03 4.895407999061107129e-01
1.780000000000000000e+03 4.999729156271810471e-01
1.784000000000000000e+03 5.118669518945592189e-01
1.788000000000000000e+03 5.250299646992655500e-01
1.792000000000000000e+03 5.374556315893832537e-01
1.796000000000000000e+03 5.513324045339726975e-01
1.800000000000000000e+03 5.655560417241901616e-01
1.804000000000000000e+03 5.805107532960200878e-01
1.808000000000000000e+03 5.957652848082434227e-01
1.812000000000000000e+03 6.103456060324752297e-01
1.816000000000000000e+03 6.262768627828856349e-01
1.820000000000000000e+03 6.419994563482661620e-01
1.824000000000000000e+03 6.569866442284677532e-01
1.828000000000000000e+03 6.717381479772359665e-01
1.832000000000000000e+03 6.870928543871888117e-01
1.836000000000000000e+03 7.012392715382292918e-01
1.840000000000000000e+03 7.151383777877133863e-01
1.844000000000000000e+03 7.281833592552243717e-01
1.848000000000000000e+03 7.409240988728796884e-01
1.852000000000000000e+03 7.527113222036491136e-01
1.856000000000000000e+03 7.625766935215229081e-01
1.860000000000000000e+03 7.722266641582296032e-01
1.864000000000000000e+03 7.809393911629716190e-01
1.868000000000000000e+03 7.886787229107768971e-01
1.872000000000000000e+03 7.945395822014162945e-01
1.876000000000000000e+03 8.002435912126878437e-01
1.880000000000000000e+03 8.039048931503954831e-01
1.884000000000000000e+03 8.059137928776013426e-01
1.888000000000000000e+03 8.069970663343256634e-01
1.892000000000000000e+03 8.072316953271094775e-01
1.896000000000000000e+03 8.061632416697620540e-01
1.900000000000000000e+03 8.030693564551002472e-01
1.904000000000000000e+03 7.999545710624528239e-01
1.908000000000000000e+03 7.945311423206167234e-01
1.912000000000000000e+03 7.890835919832752676e-01
1.916000000000000000e+03 7.820379685818663607e-01
1.920000000000000000e+03 7.730726722871819057e-01
1.924000000000000000e+03 7.641135268598160390e-01
1.928000000000000000e+03 7.538156828085701422e-01
1.932000000000000000e+03 7.434598034213713014e-01
1.936000000000000000e+03 7.315092002021513773e-01
1.940000000000000000e+03 7.198899981985418250e-01
1.944000000000000000e+03 7.068187670174960191e-01
1.948000000000000000e+03 6.943270355382310521e-01
1.952000000000000000e+03 6.806991746018584699e-01
1.956000000000000000e+03 6.672633008366829488e-01
1.960000000000000000e+03 6.535205708167347582e-01
1.964000000000000000e+03 6.405878692608429903e-01
1.968000000000000000e+03 6.267548292956047762e-01
1.972000000000000000e+03 6.137025898572348037e-01
1.976000000000000000e+03 6.000738544768711158e-01
1.980000000000000000e+03 5.876517779489507376e-01
1.984000000000000000e+03 5.743669324116201791e-01
1.988000000000000000e+03 5.628089388560635342e-01
1.992000000000000000e+03 5.504396522331278518e-01
1.996000000000000000e+03 5.396682344212558879e-01
2.000000000000000000e+03 5.285488283453080305e-01
2.004000000000000000e+03 5.189321805815514388e-01
2.008000000000000000e+03 5.087217646050016251e-01
2.012000000000000000e+03 4.997421767505089152e-01
2.016000000000000000e+03 4.906354093260472671e-01
2.020000000000000000e+03 4.821498054001512878e-01
2.024000000000000000e+03 4.752156627297264291e-01
2.028000000000000000e+03 4.677061099357291418e-01
2.032000000000000000e+03 4.613450965861897735e-01
2.036000000000000000e+03 4.550041183766571629e-01
2.040000000000000000e+03 4.492831015260409511e-01
2.044000000000000000e+03 4.442688762481843412e-01
2.048000000000000000e+03 4.392801723309585626e-01
2.052000000000000000e+03 4.343280205241996650e-01
2.056000000000000000e+03 4.312728616365854029e-01
2.060000000000000000e+03 4.279160475345750170e-01
2.064000000000000000e+03 4.245653270176952820e-01
2.068000000000000000e+03 4.215235634467583425e-01
2.072000000000000000e+03 4.198146158432498054e-01
2.076000000000000000e+03 4.178679949769930624e-01
2.080000000000000000e+03 4.171527646748994234e-01
2.084000000000000000e+03 4.157272406686331467e-01
2.088000000000000000e+03 4.150969220440740015e-01
2.092000000000000000e+03 4.152694411186100831e-01
2.096000000000000000e+03 4.148251988253612854e-01
2.100000000000000000e+03 4.152050876090792597e-01
2.104000000000000000e+03 4.164925759085295054e-01
2.108000000000000000e+03 4.175895100778391211e-01
2.112000000000000000e+03 4.193219003352864349e-01
2.116000000000000000e+03 4.215394623058753010e-01
2.120000000000000000e+03 4.240923566363659636e-01
2.124000000000000000e+03 4.259196673797676080e-01
2.128000000000000000e+03 4.291903934375834173e-01
2.132000000000000000e+03 4.330102266466543948e-01
2.136000000000000000e+03 4.362496735583457630e-01
2.140000000000000000e+03 4.409725055048903664e-01
2.144000000000000000e+03 4.451561631124045793e-01
2.148000000000000000e+03 4.499573785994055442e-01
2.152000000000000000e+03 4.547567059448967552e-01
2.156000000000000000e+03 4.606144515533475703e-01
2.160000000000000000e+03 4.666665723449551217e-01
2.164000000000000000e+03 4.723145009155126917e-01
2.168000000000000000e+03 4.786607074693310926e-01
2.172000000000000000e+03 4.853942743826940576e-01
2.176000000000000000e+03 4.926481615458400687e-01
2.180000000000000000e+03 5.003335898076773924e-01
2.184000000000000000e+03 5.085135298771737977e-01
2.188000000000000000e+03 5.164855750608082774e-01
2.192000000000000000e+03 5.254099446104804061e-01
2.196000000000000000e+03 5.343661608589024281e-01
