6.000000000000000000e+02 9.993911297618400264e-04
6.040000000000000000e+02 9.538348520025381576e-04
6.080000000000000000e+02 6.329481141848116018e-04
6.120000000000000000e+02 9.576961713618020950e-04
6.160000000000000000e+02 1.820435978933928082e-03
6.200000000000000000e+02 2.214859135442206074e-03
6.240000000000000000e+02 2.796447843380799742e-03
6.280000000000000000e+02 3.079602541190823786e-03
6.320000000000000000e+02 3.879738185922494177e-03
6.360000000000000000e+02 4.383070563068134848e-03
6.400000000000000000e+02 5.610332085898859199e-03
6.440000000000000000e+02 6.429173961690264581e-03
6.480000000000000000e+02 8.241022326517419630e-03
6.520000000000000000e+02 9.458436146351821908e-03
6.560000000000000000e+02 1.110933874495404275e-02
6.600000000000000000e+02 1.292285762385456116e-02
6.640000000000000000e+02 1.495592275190391930e-02
6.680000000000000000e+02 1.796103671258182308e-02
6.720000000000000000e+02 1.973397350364636954e-02
6.760000000000000000e+02 2.293247551621805866e-02
6.800000000000000000e+02 2.578473699607227235e-02
6.840000000000000000e+02 2.826296488893914952e-02
6.880000000000000000e+02 3.177182121359965056e-02
6.920000000000000000e+02 3.554217618512412608e-02
6.960000000000000000e+02 4.064493542634996237e-02
7.000000000000000000e+02 4.445140457121735805e-02
7.040000000000000000e+02 4.925663138083311021e-02
7.080000000000000000e+02 5.260262765988560352e-02
7.120000000000000000e+02 5.645655806733581444e-02
7.160000000000000000e+02 5.975639646258969206e-02
7.200000000000000000e+02 6.433496838036711907e-02
7.240000000000000000e+02 6.891680528693396035e-02
7.280000000000000000e+02 7.416852968612012986e-02
7.320000000000000000e+02 8.057679228040844077e-02
7.360000000000000000e+02 8.868054780408764215e-02
7.400000000000000000e+02 9.582868038911972197e-02
7.440000000000000000e+02 1.034352293225751507e-01
7.480000000000000000e+02 1.094335368962345151e-01
7.520000000000000000e+02 1.148025821871994645e-01
7.560000000000000000e+02 1.172447485174436671e-01
7.600000000000000000e+02 1.194993809376720950e-01
7.640000000000000000e+02 1.213465571900058798e-01
7.680000000000000000e+02 1.232446602536228369e-01
7.720000000000000000e+02 1.272818207845269056e-01
7.760000000000000000e+02 1.338650088977499653e-01
7.800000000000000000e+02 1.429019005661348873e-01
7.840000000000000000e+02 1.541579811243092013e-01
7.880000000000000000e+02 1.666904697360210574e-01
7.920000000000000000e+02 1.798083810291286888e-01
7.960000000000000000e+02 1.910800713781847238e-01
8.000000000000000000e+02 1.995813778637171854e-01
8.040000000000000000e+02 2.055841735203041420e-01
8.080000000000000000e+02 2.082235165982813663e-01
8.120000000000000000e+02 2.075506004945973926e-01
8.160000000000000000e+02 2.033821604952780471e-01
8.200000000000000000e+02 1.985917296023700929e-01
8.240000000000000000e+02 1.948694996408728564e-01
8.280000000000000000e+02 1.928020260633467042e-01
8.320000000000000000e+02 1.944507390771298416e-01
8.360000000000000000e+02 1.996802666035002449e-01
8.400000000000000000e+02 2.094847012049005641e-01
8.440000000000000000e+02 2.225967884421941045e-01
8.480000000000000000e+02 2.397709432704467347e-01
8.520000000000000000e+02 2.583712726352193068e-01
8.560000000000000000e+02 2.774824957723863172e-01
8.600000000000000000e+02 2.961318226852209801e-01
8.640000000000000000e+02 3.107263418812521438e-01
8.680000000000000000e+02 3.205545450082801229e-01
8.720000000000000000e+02 3.265069912041009825e-01
8.760000000000000000e+02 3.258431378187038874e-01
8.800000000000000000e+02 3.207308273995700398e-01
8.840000000000000000e+02 3.121190461313578246e-01
8.880000000000000000e+02 2.994062041746304859e-01
8.920000000000000000e+02 2.867161063369778051e-01
8.960000000000000000e+02 2.744563426178495136e-01
9.000000000000000000e+02 2.650384385859667069e-01
9.040000000000000000e+02 2.585878775726491163e-01
9.080000000000000000e+02 2.567178489386404694e-01
9.120000000000000000e+02 2.590041751148088878e-01
9.160000000000000000e+02 2.666574367742948759e-01
9.200000000000000000e+02 2.780293115526533132e-01
9.240000000000000000e+02 2.938506848580828001e-01
9.280000000000000000e+02 3.141684542959649606e-01
9.320000000000000000e+02 3.378502134539300705e-01
9.360000000000000000e+02 3.623734000527208399e-01
9.400000000000000000e+02 3.871890551138447156e-01
9.440000000000000000e+02 4.102693819519488971e-01
9.480000000000000000e+02 4.303913459256381580e-01
9.520000000000000000e+02 4.448799802742250398e-01
9.560000000000000000e+02 4.551817159806215152e-01
9.600000000000000000e+02 4.576845633068066244e-01
9.640000000000000000e+02 4.551078684088650794e-01
9.680000000000000000e+02 4.464469237506609733e-01
9.720000000000000000e+02 4.325597192579426764e-01
9.760000000000000000e+02 4.148396552663634607e-01
9.800000000000000000e+02 3.955027555054669297e-01
9.840000000000000000e+02 3.745649056965582591e-01
9.880000000000000000e+02 3.553603851985720485e-01
9.920000000000000000e+02 3.382919576599742184e-01
9.960000000000000000e+02 3.247302504825447245e-01
1.000000000000000000e+03 3.151617911284966267e-01
1.004000000000000000e+03 3.087637281707920622e-01
1.008000000000000000e+03 3.058685583548811926e-01
1.012000000000000000e+03 3.074861937160136560e-01
1.016000000000000000e+03 3.120656288994636540e-01
1.020000000000000000e+03 3.202930524385090294e-01
1.024000000000000000e+03 3.332128254367224263e-01
1.028000000000000000e+03 3.487043172910290201e-01
1.032000000000000000e+03 3.684309360428180136e-01
1.036000000000000000e+03 3.915061028252231345e-01
1.040000000000000000e+03 4.169846234528606366e-01
1.044000000000000000e+03 4.441124774681332044e-01
1.048000000000000000e+03 4.721690143948474860e-01
1.052000000000000000e+03 4.991972825018901050e-01
1.056000000000000000e+03 5.239889037627175616e-01
1.060000000000000000e+03 5.456723845396547201e-01
1.064000000000000000e+03 5.630935325699445437e-01
1.068000000000000000e+03 5.751887131918629326e-01
1.072000000000000000e+03 5.820480842242096164e-01
1.076000000000000000e+03 5.826379960568418559e-01
1.080000000000000000e+03 5.776824490832955794e-01
1.084000000000000000e+03 5.676886569488410750e-01
1.088000000000000000e+03 5.522706361959489607e-01
1.092000000000000000e+03 5.330395052348795293e-01
1.096000000000000000e+03 5.111847748167135386e-01
1.100000000000000000e+03 4.875130053744685110e-01
1.104000000000000000e+03 4.640533447218462837e-01
1.108000000000000000e+03 4.402871102969094230e-01
1.112000000000000000e+03 4.195111390434300702e-01
1.116000000000000000e+03 3.998468251156092057e-01
1.120000000000000000e+03 3.833398167870528672e-01
1.124000000000000000e+03 3.697009668399296456e-01
1.128000000000000000e+03 3.585003366028308713e-01
1.132000000000000000e+03 3.503889927542044869e-01
1.136000000000000000e+03 3.445523439803923615e-01
1.140000000000000000e+03 3.414539686490508097e-01
1.144000000000000000e+03 3.404584553028899285e-01
1.148000000000000000e+03 3.428213768980656329e-01
1.152000000000000000e+03 3.465336161567129092e-01
1.156000000000000000e+03 3.536071042681685483e-01
1.160000000000000000e+03 3.630949377253859800e-01
1.164000000000000000e+03 3.746959202983727866e-01
1.168000000000000000e+03 3.885504513250783720e-01
1.172000000000000000e+03 4.049050725442301379e-01
1.176000000000000000e+03 4.241887381690336301e-01
1.180000000000000000e+03 4.452947820827852787e-01
1.184000000000000000e+03 4.685897691664341336e-01
1.188000000000000000e+03 4.934993363687905643e-01
1.192000000000000000e+03 5.188326891368418847e-01
1.196000000000000000e+03 5.457856293301197592e-01
1.200000000000000000e+03 5.714443924269083652e-01
1.204000000000000000e+03 5.966572262168015062e-01
1.208000000000000000e+03 6.208890916707143770e-01
1.212000000000000000e+03 6.415111820925657460e-01
1.216000000000000000e+03 6.591229556745729079e-01
1.220000000000000000e+03 6.731298526254152481e-01
1.224000000000000000e+03 6.822717833796345666e-01
1.228000000000000000e+03 6.883416890178415404e-01
1.232000000000000000e+03 6.883730643057348608e-01
1.236000000000000000e+03 6.847228436764963844e-01
1.240000000000000000e+03 6.774833404706636086e-01
1.244000000000000000e+03 6.656551703040359813e-01
1.248000000000000000e+03 6.504899761263999158e-01
1.252000000000000000e+03 6.319918993450662770e-01
1.256000000000000000e+03 6.119441402968991417e-01
1.260000000000000000e+03 5.892980658723037113e-01
1.264000000000000000e+03 5.665122663577373263e-01
1.268000000000000000e+03 5.437476257425621906e-01
1.272000000000000000e+03 5.208437813157948959e-01
1.276000000000000000e+03 4.997269185905028333e-01
1.280000000000000000e+03 4.793132485972897427e-01
1.284000000000000000e+03 4.598769840883055737e-01
1.288000000000000000e+03 4.424124909721378063e-01
1.292000000000000000e+03 4.270898177269170648e-01
1.296000000000000000e+03 4.140784150203167813e-01
1.300000000000000000e+03 4.018208158538392194e-01
1.304000000000000000e+03 3.919228161165546065e-01
1.308000000000000000e+03 3.835152840821792752e-01
1.312000000000000000e+03 3.765504348848898730e-01
1.316000000000000000e+03 3.705527821476009565e-01
1.320000000000000000e+03 3.666816295781026858e-01
1.324000000000000000e+03 3.648606348095460583e-01
1.328000000000000000e+03 3.637624014685280627e-01
1.332000000000000000e+03 3.639965466649163206e-01
1.336000000000000000e+03 3.652778001914234740e-01
1.340000000000000000e+03 3.688648934889389719e-01
1.344000000000000000e+03 3.730539518283743083e-01
1.348000000000000000e+03 3.788300344832448707e-01
1.352000000000000000e+03 3.856501577737345143e-01
1.356000000000000000e+03 3.936280728316262634e-01
1.360000000000000000e+03 4.029813561915908116e-01
1.364000000000000000e+03 4.141884662871762601e-01
1.368000000000000000e+03 4.271820352580162905e-01
1.372000000000000000e+03 4.408975489153283966e-01
1.376000000000000000e+03 4.556978007462593183e-01
1.380000000000000000e+03 4.718046043724947736e-01
1.384000000000000000e+03 4.898357749448943865e-01
1.388000000000000000e+03 5.086572712789274586e-01
1.392000000000000000e+03 5.287394527635567165e-01
1.396000000000000000e+03 5.490356652979182517e-01
1.400000000000000000e+03 5.704629811561692243e-01
1.404000000000000000e+03 5.922072753050925398e-01
1.408000000000000000e+03 6.146211872210107785e-01
1.412000000000000000e+03 6.355112033824695805e-01
1.416000000000000000e+03 6.574931030191339953e-01
1.420000000000000000e+03 6.779492393245251103e-01
1.424000000000000000e+03 6.968561174170156969e-01
1.428000000000000000e+03 7.135822644980229779e-01
1.432000000000000000e+03 7.296519702443295952e-01
1.436000000000000000e+03 7.430431771433048116e-01
1.440000000000000000e+03 7.532126943269087382e-01
1.444000000000000000e+03 7.619393247320185303e-01
1.448000000000000000e+03 7.672845502663067085e-01
1.452000000000000000e+03 7.700334035328332272e-01
1.456000000000000000e+03 7.696228402105120825e-01
1.460000000000000000e+03 7.670032898134911958e-01
1.464000000000000000e+03 7.615753892317429496e-01
1.468000000000000000e+03 7.530561823532390120e-01
1.472000000000000000e+03 7.429247199191545414e-01
1.476000000000000000e+03 7.299330616409145378e-01
1.480000000000000000e+03 7.152304412256935695e-01
1.484000000000000000e+03 6.991922457033017402e-01
1.488000000000000000e+03 6.820990621544813504e-01
1.492000000000000000e+03 6.636129006021177501e-01
1.496000000000000000e+03 6.451685080917245463e-01
1.500000000000000000e+03 6.264841202992982305e-01
1.504000000000000000e+03 6.078608081443248601e-01
1.508000000000000000e+03 5.887266183737076553e-01
1.512000000000000000e+03 5.704609921072735235e-01
1.516000000000000000e+03 5.528409618717119445e-01
1.520000000000000000e+03 5.357861260944520865e-01
1.524000000000000000e+03 5.192759071084388500e-01
1.528000000000000000e+03 5.039745834963812454e-01
1.532000000000000000e+03 4.893389368017660446e-01
1.536000000000000000e+03 4.758420592718916597e-01
1.540000000000000000e+03 4.639501036627546871e-01
1.544000000000000000e+03 4.517850182344286258e-01
1.548000000000000000e+03 4.415479321796895174e-01
1.552000000000000000e+03 4.321459414575605784e-01
1.556000000000000000e+03 4.235921680659733846e-01
1.560000000000000000e+03 4.149678121684126642e-01
1.564000000000000000e+03 4.084909840277216042e-01
1.568000000000000000e+03 4.016906986131209556e-01
1.572000000000000000e+03 3.967868350789935938e-01
1.576000000000000000e+03 3.916430069198240105e-01
1.580000000000000000e+03 3.880350554535296759e-01
1.584000000000000000e+03 3.843606463534727236e-01
1.588000000000000000e+03 3.825680621358165667e-01
1.592000000000000000e+03 3.806056604312506586e-01
1.596000000000000000e+03 3.788741216089826502e-01
1.600000000000000000e+03 3.780109507657193890e-01
1.604000000000000000e+03 3.788296953100374065e-01
1.608000000000000000e+03 3.796180053753447359e-01
1.612000000000000000e+03 3.804967024129691233e-01
1.616000000000000000e+03 3.825546979964005723e-01
1.620000000000000000e+03 3.845391183718565586e-01
1.624000000000000000e+03 3.876411140767381802e-01
1.628000000000000000e+03 3.907931246691915828e-01
1.632000000000000000e+03 3.955325044951421565e-01
1.636000000000000000e+03 4.006285395282752626e-01
1.640000000000000000e+03 4.059367939128195046e-01
1.644000000000000000e+03 4.119232774196929792e-01
1.648000000000000000e+03 4.181759267405051328e-01
1.652000000000000000e+03 4.250836187568864943e-01
1.656000000000000000e+03 4.329488525345939753e-01
1.660000000000000000e+03 4.420676738701886377e-01
1.664000000000000000e+03 4.505888408786541399e-01
1.668000000000000000e+03 4.610101553992499435e-01
1.672000000000000000e+03 4.709383510864416644e-01
1.676000000000000000e+03 4.823122342387537453e-01
1.680000000000000000e+03 4.940044086776170240e-01
1.684000000000000000e+03 5.055472851230301545e-01
1.688000000000000000e+03 5.179911635355330946e-01
1.692000000000000000e+03 5.320477791047962812e-01
1.696000000000000000e+03 5.451132194044976398e-01
1.700000000000000000e+03 5.593626438678217516e-01
1.704000000000000000e+03 5.749819517253909051e-01
1.708000000000000000e+03 5.899506499797441128e-01
1.712000000000000000e+03 6.048934149978985042e-01
1.716000000000000000e+03 6.211793403960801374e-01
1.720000000000000000e+03 6.366718411755042384e-01
1.724000000000000000e+03 6.521450512761987062e-01
1.728000000000000000e+03 6.684448740817223733e-01
1.732000000000000000e+03 6.838227801800708106e-01
1.736000000000000000e+03 6.995251110249243176e-01
1.740000000000000000e+03 7.146269909271946164e-01
1.744000000000000000e+03 7.294292842832161838e-01
1.748000000000000000e+03 7.434856345075245843e-01
1.752000000000000000e+03 7.567889845274710092e-01
1.756000000000000000e+03 7.687811122206449355e-01
1.760000000000000000e+03 7.807272682794550445e-01
1.764000000000000000e+03 7.910642516597689022e-01
1.768000000000000000e+03 8.010079814769530682e-01
1.772000000000000000e+03 8.089082715310583760e-01
1.776000000000000000e+03 8.152153085067141980e-01
1.780000000000000000e+03 8.209911940019747334e-01
1.784000000000000000e+03 8.245688216317274000e-01
1.788000000000000000e+03 8.275439827110682156e-01
1.792000000000000000e+03 8.291764602589571931e-01
1.796000000000000000e+03 8.282741599466213467e-01
1.800000000000000000e+03 8.269570570572958301e-01
1.804000000000000000e+03 8.238884145383748026e-01
1.808000000000000000e+03 8.199488813919629804e-01
1.812000000000000000e+03 8.147669120001803655e-01
1.816000000000000000e+03 8.073207518723474196e-01
1.820000000000000000e+03 7.995270121010481512e-01
1.824000000000000000e+03 7.907894053501940412e-01
1.828000000000000000e+03 7.816355555476722783e-01
1.832000000000000000e+03 7.707198227867474438e-01
1.836000000000000000e+03 7.588289664346504759e-01
1.840000000000000000e+03 7.471532800586399015e-01
1.844000000000000000e+03 7.348736991059611201e-01
1.848000000000000000e+03 7.216940187533376072e-01
1.852000000000000000e+03 7.086165124035288532e-01
1.856000000000000000e+03 6.955664395522590526e-01
1.860000000000000000e+03 6.823662601728014421e-01
1.864000000000000000e+03 6.685002168344233997e-01
1.868000000000000000e+03 6.550034805177934460e-01
1.872000000000000000e+03 6.421572866339998464e-01
1.876000000000000000e+03 6.287256072531501871e-01
1.880000000000000000e+03 6.157655029019248882e-01
1.884000000000000000e+03 6.032918811332380615e-01
1.888000000000000000e+03 5.900694737971968751e-01
1.892000000000000000e+03 5.783703842549610119e-01
1.896000000000000000e+03 5.665181889372977730e-01
1.900000000000000000e+03 5.553179237516612243e-01
1.904000000000000000e+03 5.441224236537793857e-01
1.908000000000000000e+03 5.342887638585223087e-01
1.912000000000000000e+03 5.235441926104035248e-01
1.916000000000000000e+03 5.136704897085954125e-01
1.920000000000000000e+03 5.046446497527971031e-01
1.924000000000000000e+03 4.953661004932491396e-01
1.928000000000000000e+03 4.871092400752311535e-01
1.932000000000000000e+03 4.791348662830388072e-01
1.936000000000000000e+03 4.715876814855629040e-01
1.940000000000000000e+03 4.644982869191060515e-01
1.944000000000000000e+03 4.573130252720569167e-01
1.948000000000000000e+03 4.510588894866737197e-01
1.952000000000000000e+03 4.448237335925436242e-01
1.956000000000000000e+03 4.397791269529728320e-01
1.960000000000000000e+03 4.339014167242152831e-01
1.964000000000000000e+03 4.292094117023508848e-01
1.968000000000000000e+03 4.241324535603071544e-01
1.972000000000000000e+03 4.202786654206249750e-01
1.976000000000000000e+03 4.162217000823223434e-01
1.980000000000000000e+03 4.119624162920579313e-01
1.984000000000000000e+03 4.087431875446188578e-01
1.988000000000000000e+03 4.057779844620207910e-01
1.992000000000000000e+03 4.021139167337617337e-01
1.996000000000000000e+03 3.997628881705421744e-01
2.000000000000000000e+03 3.978953738234032311e-01
2.004000000000000000e+03 3.953875449687480614e-01
2.008000000000000000e+03 3.941015135946131509e-01
2.012000000000000000e+03 3.919333198361951154e-01
2.016000000000000000e+03 3.904419784569435059e-01
2.020000000000000000e+03 3.894157313919878183e-01
2.024000000000000000e+03 3.887468136613014824e-01
2.028000000000000000e+03 3.885146772286725558e-01
2.032000000000000000e+03 3.879084205650777384e-01
2.036000000000000000e+03 3.877346847765230642e-01
2.040000000000000000e+03 3.880056913084558023e-01
2.044000000000000000e+03 3.881680700364369963e-01
2.048000000000000000e+03 3.893381292825710549e-01
2.052000000000000000e+03 3.900654843611005562e-01
2.056000000000000000e+03 3.906803106490103206e-01
2.060000000000000000e+03 3.914430356559873148e-01
2.064000000000000000e+03 3.937307138711887422e-01
2.068000000000000000e+03 3.948185063433286568e-01
2.072000000000000000e+03 3.962926813693518624e-01
2.076000000000000000e+03 3.991947704266591845e-01
2.080000000000000000e+03 4.012720506291573841e-01
2.084000000000000000e+03 4.031696294630912059e-01
2.088000000000000000e+03 4.058984202969837529e-01
2.092000000000000000e+03 4.092900577840055121e-01
2.096000000000000000e+03 4.126731134875027962e-01
2.100000000000000000e+03 4.159316931439674403e-01
2.104000000000000000e+03 4.189037333869290447e-01
2.108000000000000000e+03 4.231039007555965625e-01
2.112000000000000000e+03 4.271473814888339104e-01
2.116000000000000000e+03 4.307177834162100316e-01
2.120000000000000000e+03 4.351631509594197089e-01
2.124000000000000000e+03 4.398010482850846503e-01
2.128000000000000000e+03 4.446802955540148927e-01
2.132000000000000000e+03 4.491714887952662494e-01
2.136000000000000000e+03 4.552455189519951095e-01
2.140000000000000000e+03 4.603043916932371138e-01
2.144000000000000000e+03 4.656152466859243555e-01
2.148000000000000000e+03 4.717980847412789891e-01
2.152000000000000000e+03 4.782117936239372313e-01
2.156000000000000000e+03 4.840336548398275207e-01
2.160000000000000000e+03 4.904604152426132457e-01
2.164000000000000000e+03 4.976519175591708199e-01
2.168000000000000000e+03 5.044996824560891158e-01
2.172000000000000000e+03 5.114328522787673359e-01
2.176000000000000000e+03 5.195042397627254172e-01
2.180000000000000000e+03 5.273262416887314341e-01
2.184000000000000000e+03 5.350587578088518148e-01
2.188000000000000000e+03 5.423633916536957367e-01
2.192000000000000000e+03 5.507129231235952105e-01
2.196000000000000000e+03 5.598406492189988981e-01
