6.000000000000000000e+02 6.765907119847727324e-05
6.040000000000000000e+02 7.236757059647339497e-04
6.080000000000000000e+02 1.228743282993290228e-04
6.120000000000000000e+02 1.064133719039872007e-03
6.160000000000000000e+02 6.911013526873743774e-04
6.200000000000000000e+02 4.838708430215526990e-04
6.240000000000000000e+02 9.002947423994943615e-04
6.280000000000000000e+02 6.129071306368925713e-04
6.320000000000000000e+02 1.274202426618805490e-03
6.360000000000000000e+02 1.617523713047946694e-03
6.400000000000000000e+02 1.222774639232704569e-03
6.440000000000000000e+02 1.691023599624196048e-03
6.480000000000000000e+02 1.824136473360552001e-03
6.520000000000000000e+02 2.367569346151371813e-03
6.560000000000000000e+02 2.811104833604141911e-03
6.600000000000000000e+02 3.896973373351619342e-03
6.640000000000000000e+02 4.501772314105235116e-03
6.680000000000000000e+02 6.037323273237544391e-03
6.720000000000000000e+02 6.744792690367895985e-03
6.760000000000000000e+02 7.838125273478054045e-03
6.800000000000000000e+02 9.697372745343879608e-03
6.840000000000000000e+02 1.074255876563546923e-02
6.880000000000000000e+02 1.329725779530024042e-02
6.920000000000000000e+02 1.475601870446194112e-02
6.960000000000000000e+02 1.742465093858043546e-02
7.000000000000000000e+02 1.989118166112359073e-02
7.040000000000000000e+02 2.219476286001235629e-02
7.080000000000000000e+02 2.575823971966928125e-02
7.120000000000000000e+02 2.784387603982700632e-02
7.160000000000000000e+02 3.161063123914450296e-02
7.200000000000000000e+02 3.404528362908797873e-02
7.240000000000000000e+02 3.759329733591990075e-02
7.280000000000000000e+02 4.207706276194534550e-02
7.320000000000000000e+02 4.579753145034953787e-02
7.360000000000000000e+02 5.029133787389133969e-02
7.400000000000000000e+02 5.581698429458445410e-02
7.440000000000000000e+02 6.159146990366092672e-02
7.480000000000000000e+02 6.648271360360909210e-02
7.520000000000000000e+02 7.111289486005520355e-02
7.560000000000000000e+02 7.429354502428051066e-02
7.600000000000000000e+02 7.826993090489811622e-02
7.640000000000000000e+02 8.199797244769549409e-02
7.680000000000000000e+02 8.638654989435325116e-02
7.720000000000000000e+02 9.052780429246214122e-02
7.760000000000000000e+02 9.678064990141327373e-02
7.800000000000000000e+02 1.045813329064786967e-01
7.840000000000000000e+02 1.121372630630416700e-01
7.880000000000000000e+02 1.210623756245011312e-01
7.920000000000000000e+02 1.304904175302820657e-01
7.960000000000000000e+02 1.379649997976004072e-01
8.000000000000000000e+02 1.438545980659411694e-01
8.040000000000000000e+02 1.473402785963542072e-01
8.080000000000000000e+02 1.498833217429724474e-01
8.120000000000000000e+02 1.506619846284091568e-01
8.160000000000000000e+02 1.521955352407631523e-01
8.200000000000000000e+02 1.529244319329181589e-01
8.240000000000000000e+02 1.564163711519010735e-01
8.280000000000000000e+02 1.618732562824772570e-01
8.320000000000000000e+02 1.694199636425707811e-01
8.360000000000000000e+02 1.807268671584069397e-01
8.400000000000000000e+02 1.930025654375020772e-01
8.440000000000000000e+02 2.068625365701326768e-01
8.480000000000000000e+02 2.206120289214029695e-01
8.520000000000000000e+02 2.330514944973936520e-01
8.560000000000000000e+02 2.418425853281413185e-01
8.600000000000000000e+02 2.476316481284933646e-01
8.640000000000000000e+02 2.498694651555384560e-01
8.680000000000000000e+02 2.487228670659740182e-01
8.720000000000000000e+02 2.444493174309340933e-01
8.760000000000000000e+02 2.379889509604912190e-01
8.800000000000000000e+02 2.328764916835373289e-01
8.840000000000000000e+02 2.293298843514395280e-01
8.880000000000000000e+02 2.280536727100748173e-01
8.920000000000000000e+02 2.309307828364527138e-01
8.960000000000000000e+02 2.367470472342019794e-01
9.000000000000000000e+02 2.474644153878333419e-01
9.040000000000000000e+02 2.610302860025596194e-01
9.080000000000000000e+02 2.783352108776270262e-01
9.120000000000000000e+02 2.971815940699406022e-01
9.160000000000000000e+02 3.172660108196436179e-01
9.200000000000000000e+02 3.355385229546346548e-01
9.240000000000000000e+02 3.519036980394721903e-01
9.280000000000000000e+02 3.632012891458516468e-01
9.320000000000000000e+02 3.695034187827709871e-01
9.360000000000000000e+02 3.695976164357610005e-01
9.400000000000000000e+02 3.648501816833302769e-01
9.440000000000000000e+02 3.556339164007218945e-01
9.480000000000000000e+02 3.430366137345401412e-01
9.520000000000000000e+02 3.299403000167377975e-01
9.560000000000000000e+02 3.170344548789346684e-01
9.600000000000000000e+02 3.059243121000100873e-01
9.640000000000000000e+02 2.971397134333646495e-01
9.680000000000000000e+02 2.930901895050945782e-01
9.720000000000000000e+02 2.931212350698366720e-01
9.760000000000000000e+02 2.967263951988671766e-01
9.800000000000000000e+02 3.042428803857379349e-01
9.840000000000000000e+02 3.167255617811455259e-01
9.880000000000000000e+02 3.327125977293672876e-01
9.920000000000000000e+02 3.523747548397253571e-01
9.960000000000000000e+02 3.760152437198276965e-01
1.000000000000000000e+03 4.002490320402399826e-01
1.004000000000000000e+03 4.249459434026015558e-01
1.008000000000000000e+03 4.475498021886188948e-01
1.012000000000000000e+03 4.672391173341401971e-01
1.016000000000000000e+03 4.817693871897347768e-01
1.020000000000000000e+03 4.912295723720181972e-01
1.024000000000000000e+03 4.932380949856092767e-01
1.028000000000000000e+03 4.900403586557881552e-01
1.032000000000000000e+03 4.803639077774357613e-01
1.036000000000000000e+03 4.663761577631743704e-01
1.040000000000000000e+03 4.480120475552830106e-01
1.044000000000000000e+03 4.290909548045499511e-01
1.048000000000000000e+03 4.083065288219181466e-01
1.052000000000000000e+03 3.904026642276187120e-01
1.056000000000000000e+03 3.734926801176308708e-01
1.060000000000000000e+03 3.600525359815445192e-01
1.064000000000000000e+03 3.501201263488969428e-01
1.068000000000000000e+03 3.438776891949082981e-01
1.072000000000000000e+03 3.417416969388213932e-01
1.076000000000000000e+03 3.418983183511448698e-01
1.080000000000000000e+03 3.467469433241689991e-01
1.084000000000000000e+03 3.550315686278019411e-01
1.088000000000000000e+03 3.661457898248092757e-01
1.092000000000000000e+03 3.820035658073165918e-01
1.096000000000000000e+03 4.009779102596126021e-01
1.100000000000000000e+03 4.226024692000359129e-01
1.104000000000000000e+03 4.469694119646417385e-01
1.108000000000000000e+03 4.725998407055967965e-01
1.112000000000000000e+03 4.991856967478822682e-01
1.116000000000000000e+03 5.257916247731931891e-01
1.120000000000000000e+03 5.499368522182352947e-01
1.124000000000000000e+03 5.708208035917864409e-01
1.128000000000000000e+03 5.882153384226124215e-01
1.132000000000000000e+03 5.994800770308363891e-01
1.136000000000000000e+03 6.048866123909577563e-01
1.140000000000000000e+03 6.049715124732067961e-01
1.144000000000000000e+03 5.986278693988620336e-01
1.148000000000000000e+03 5.865838048157364648e-01
1.152000000000000000e+03 5.704092474473301255e-01
1.156000000000000000e+03 5.501194476136159750e-01
1.160000000000000000e+03 5.285694227826953639e-01
1.164000000000000000e+03 5.052466508260525790e-01
1.168000000000000000e+03 4.831526544174190030e-01
1.172000000000000000e+03 4.608803134714664074e-01
1.176000000000000000e+03 4.417114429680780718e-01
1.180000000000000000e+03 4.236190190348618212e-01
1.184000000000000000e+03 4.087782786541589997e-01
1.188000000000000000e+03 3.967214687114971605e-01
1.192000000000000000e+03 3.877303631325036970e-01
1.196000000000000000e+03 3.812678110408079801e-01
1.200000000000000000e+03 3.772086888612522504e-01
1.204000000000000000e+03 3.762002185656560527e-01
1.208000000000000000e+03 3.777200962249491756e-01
1.212000000000000000e+03 3.811721109233493499e-01
1.216000000000000000e+03 3.881180119310037036e-01
1.220000000000000000e+03 3.966770332502542185e-01
1.224000000000000000e+03 4.088554580064137633e-01
1.228000000000000000e+03 4.227074263196191617e-01
1.232000000000000000e+03 4.393567812640944981e-01
1.236000000000000000e+03 4.584530371983842056e-01
1.240000000000000000e+03 4.795445069079172229e-01
1.244000000000000000e+03 5.025279378546280151e-01
1.248000000000000000e+03 5.278296526035337610e-01
1.252000000000000000e+03 5.528250889078857311e-01
1.256000000000000000e+03 5.788334207494170158e-01
1.260000000000000000e+03 6.043837012652835128e-01
1.264000000000000000e+03 6.272890749478090555e-01
1.268000000000000000e+03 6.493377366712174137e-01
1.272000000000000000e+03 6.672719402386618759e-01
1.276000000000000000e+03 6.819538990760578567e-01
1.280000000000000000e+03 6.916032451852686114e-01
1.284000000000000000e+03 6.970690597968239866e-01
1.288000000000000000e+03 6.982240335802040176e-01
1.292000000000000000e+03 6.932894663933920620e-01
1.296000000000000000e+03 6.852532836475814237e-01
1.300000000000000000e+03 6.718302900511102793e-01
1.304000000000000000e+03 6.555474990394192236e-01
1.308000000000000000e+03 6.372004551826435659e-01
1.312000000000000000e+03 6.160925758063572344e-01
1.316000000000000000e+03 5.942998651532166443e-01
1.320000000000000000e+03 5.713913127420737759e-01
1.324000000000000000e+03 5.492437944985738563e-01
1.328000000000000000e+03 5.276106081653580970e-01
1.332000000000000000e+03 5.072883310263722745e-01
1.336000000000000000e+03 4.886436876866276369e-01
1.340000000000000000e+03 4.709203697483904105e-01
1.344000000000000000e+03 4.561728114239858578e-01
1.348000000000000000e+03 4.421823602639673445e-01
1.352000000000000000e+03 4.304643268659620881e-01
1.356000000000000000e+03 4.208884565099046404e-01
1.360000000000000000e+03 4.130940500024371520e-01
1.364000000000000000e+03 4.075165206470415247e-01
1.368000000000000000e+03 4.027604465503310527e-01
1.372000000000000000e+03 4.003357929493893685e-01
1.376000000000000000e+03 3.989773533506635328e-01
1.380000000000000000e+03 3.996689683216164135e-01
1.384000000000000000e+03 4.020956053422703458e-01
1.388000000000000000e+03 4.061116697369132611e-01
1.392000000000000000e+03 4.111300469947531400e-01
1.396000000000000000e+03 4.180696089508763036e-01
1.400000000000000000e+03 4.267009073817151221e-01
1.404000000000000000e+03 4.366060747792961383e-01
1.408000000000000000e+03 4.486023599481075985e-01
1.412000000000000000e+03 4.612958481923225551e-01
1.416000000000000000e+03 4.765062533674347400e-01
1.420000000000000000e+03 4.924019623619372288e-01
1.424000000000000000e+03 5.097166576442482278e-01
1.428000000000000000e+03 5.291841266040245850e-01
1.432000000000000000e+03 5.490253750046261150e-01
1.436000000000000000e+03 5.707141424944692787e-01
1.440000000000000000e+03 5.920588280493483957e-01
1.444000000000000000e+03 6.141943094438744311e-01
1.448000000000000000e+03 6.368753543591241240e-01
1.452000000000000000e+03 6.584479860851979449e-01
1.456000000000000000e+03 6.789970182050764080e-01
1.460000000000000000e+03 6.986180820685934378e-01
1.464000000000000000e+03 7.165943791475515301e-01
1.468000000000000000e+03 7.326227029128442592e-01
1.472000000000000000e+03 7.456658522539018064e-01
1.476000000000000000e+03 7.561061465628181599e-01
1.480000000000000000e+03 7.642007918499664765e-01
1.484000000000000000e+03 7.685144740544697095e-01
1.488000000000000000e+03 7.696254365360383209e-01
1.492000000000000000e+03 7.666923709748574289e-01
1.496000000000000000e+03 7.614897183474156339e-01
1.500000000000000000e+03 7.532637628475385982e-01
1.504000000000000000e+03 7.418867974055022296e-01
1.508000000000000000e+03 7.283868975827799686e-01
1.512000000000000000e+03 7.136095339204187038e-01
1.516000000000000000e+03 6.961211503016404567e-01
1.520000000000000000e+03 6.779028144543665091e-01
1.524000000000000000e+03 6.591243865135866242e-01
1.528000000000000000e+03 6.401025859145594854e-01
1.532000000000000000e+03 6.204262500335023800e-01
1.536000000000000000e+03 6.012595527422616160e-01
1.540000000000000000e+03 5.821349494135362734e-01
1.544000000000000000e+03 5.637587228623374136e-01
1.548000000000000000e+03 5.471303096649442477e-01
1.552000000000000000e+03 5.302542240768439719e-01
1.556000000000000000e+03 5.155912808966706118e-01
1.560000000000000000e+03 5.008679866366506639e-01
1.564000000000000000e+03 4.878706782920081975e-01
1.568000000000000000e+03 4.761614375806186295e-01
1.572000000000000000e+03 4.658825084788419391e-01
1.576000000000000000e+03 4.560871068996839583e-01
1.580000000000000000e+03 4.476927645549142465e-01
1.584000000000000000e+03 4.395385360147569531e-01
1.588000000000000000e+03 4.330220567248629360e-01
1.592000000000000000e+03 4.274576301330172412e-01
1.596000000000000000e+03 4.236033529572441059e-01
1.600000000000000000e+03 4.198516776543240181e-01
1.604000000000000000e+03 4.177479395152137176e-01
1.608000000000000000e+03 4.159575174655548158e-01
1.612000000000000000e+03 4.149827846973000445e-01
1.616000000000000000e+03 4.152341536986472459e-01
1.620000000000000000e+03 4.155761827179898504e-01
1.624000000000000000e+03 4.169243629675464802e-01
1.628000000000000000e+03 4.195323647494147434e-01
1.632000000000000000e+03 4.236623445490246276e-01
1.636000000000000000e+03 4.279667425383877344e-01
1.640000000000000000e+03 4.322592647466846905e-01
1.644000000000000000e+03 4.383688597285836930e-01
1.648000000000000000e+03 4.457892691508610339e-01
1.652000000000000000e+03 4.527409111642123341e-01
1.656000000000000000e+03 4.610644217694680469e-01
1.660000000000000000e+03 4.710621908913916744e-01
1.664000000000000000e+03 4.807318035572505921e-01
1.668000000000000000e+03 4.914955979186508284e-01
1.672000000000000000e+03 5.031437157069637012e-01
1.676000000000000000e+03 5.159196627605374674e-01
1.680000000000000000e+03 5.291607616219071719e-01
1.684000000000000000e+03 5.430587721988597849e-01
1.688000000000000000e+03 5.583130617253714290e-01
1.692000000000000000e+03 5.734809775530810283e-01
1.696000000000000000e+03 5.899899534069923401e-01
1.700000000000000000e+03 6.061317524457142669e-01
1.704000000000000000e+03 6.233274535818511541e-01
1.708000000000000000e+03 6.401487208808919194e-01
1.712000000000000000e+03 6.572592839733583103e-01
1.716000000000000000e+03 6.747141324143161034e-01
1.720000000000000000e+03 6.920140578456471792e-01
1.724000000000000000e+03 7.090640242685517514e-01
1.728000000000000000e+03 7.245651702126243432e-01
1.732000000000000000e+03 7.404066390505540385e-01
1.736000000000000000e+03 7.549569676346282732e-01
1.740000000000000000e+03 7.686711574613653841e-01
1.744000000000000000e+03 7.811054373796227912e-01
1.748000000000000000e+03 7.916222548918407931e-01
1.752000000000000000e+03 8.006768505904224842e-01
1.756000000000000000e+03 8.093264160326506529e-01
1.760000000000000000e+03 8.150779101479178612e-01
1.764000000000000000e+03 8.193234784148939465e-01
1.768000000000000000e+03 8.207288055531070103e-01
1.772000000000000000e+03 8.212893344778078308e-01
1.776000000000000000e+03 8.202047351711251322e-01
1.780000000000000000e+03 8.162438468137754866e-01
1.784000000000000000e+03 8.115126094175638682e-01
1.788000000000000000e+03 8.050406176925860580e-01
1.792000000000000000e+03 7.965494549809325475e-01
1.796000000000000000e+03 7.871387493457375761e-01
1.800000000000000000e+03 7.764392276961636918e-01
1.804000000000000000e+03 7.644845968834967920e-01
1.808000000000000000e+03 7.520668329833029020e-01
1.812000000000000000e+03 7.380093275201995429e-01
1.816000000000000000e+03 7.238938342114054070e-01
1.820000000000000000e+03 7.093952842221804556e-01
1.824000000000000000e+03 6.948754304609389143e-01
1.828000000000000000e+03 6.798198779783770629e-01
1.832000000000000000e+03 6.647328447586893230e-01
1.836000000000000000e+03 6.497369894415910840e-01
1.840000000000000000e+03 6.352844094829679378e-01
1.844000000000000000e+03 6.202878155343261035e-01
1.848000000000000000e+03 6.062337019809346250e-01
1.852000000000000000e+03 5.926198212620074068e-01
1.856000000000000000e+03 5.791039547089168460e-01
1.860000000000000000e+03 5.666428556276852380e-01
1.864000000000000000e+03 5.550053756706632146e-01
1.868000000000000000e+03 5.429195310261329954e-01
1.872000000000000000e+03 5.323879490460527997e-01
1.876000000000000000e+03 5.219780811451926184e-01
1.880000000000000000e+03 5.118188510784369427e-01
1.884000000000000000e+03 5.023809588400123260e-01
1.888000000000000000e+03 4.943101822855529570e-01
1.892000000000000000e+03 4.861571939292390065e-01
1.896000000000000000e+03 4.781557591019904296e-01
1.900000000000000000e+03 4.713513998695731400e-01
1.904000000000000000e+03 4.650586140295773219e-01
1.908000000000000000e+03 4.593872381556518558e-01
1.912000000000000000e+03 4.533639866849463185e-01
1.916000000000000000e+03 4.484781952839830277e-01
1.920000000000000000e+03 4.438977082414071185e-01
1.924000000000000000e+03 4.399778034321548126e-01
1.928000000000000000e+03 4.373592625600890571e-01
1.932000000000000000e+03 4.337435507092438081e-01
1.936000000000000000e+03 4.314910968711637151e-01
1.940000000000000000e+03 4.296179716824203854e-01
1.944000000000000000e+03 4.270119827572666504e-01
1.948000000000000000e+03 4.265224003079198245e-01
1.952000000000000000e+03 4.247549416900476826e-01
1.956000000000000000e+03 4.249688531857895302e-01
1.960000000000000000e+03 4.244971847402204679e-01
1.964000000000000000e+03 4.251189366101310596e-01
1.968000000000000000e+03 4.256841004307506671e-01
1.972000000000000000e+03 4.263902444552271631e-01
1.976000000000000000e+03 4.282916910848102443e-01
1.980000000000000000e+03 4.297400893155911561e-01
1.984000000000000000e+03 4.321298199543588958e-01
1.988000000000000000e+03 4.350035960603069740e-01
1.992000000000000000e+03 4.371929865282275229e-01
1.996000000000000000e+03 4.403716012604078633e-01
2.000000000000000000e+03 4.445463121044263000e-01
2.004000000000000000e+03 4.481612632462463885e-01
2.008000000000000000e+03 4.530676708576805711e-01
2.012000000000000000e+03 4.576389404626068358e-01
2.016000000000000000e+03 4.631917879922948789e-01
2.020000000000000000e+03 4.684628047378904814e-01
2.024000000000000000e+03 4.747620335275103964e-01
2.028000000000000000e+03 4.810986363552973155e-01
2.032000000000000000e+03 4.871729500567106297e-01
2.036000000000000000e+03 4.947384005936886764e-01
2.040000000000000000e+03 5.017639455676256022e-01
2.044000000000000000e+03 5.098827252972929491e-01
2.048000000000000000e+03 5.181273972125243210e-01
2.052000000000000000e+03 5.262252702312620878e-01
2.056000000000000000e+03 5.348254442313443713e-01
2.060000000000000000e+03 5.450348649250449373e-01
2.064000000000000000e+03 5.544607527166504068e-01
2.068000000000000000e+03 5.637882832859175686e-01
2.072000000000000000e+03 5.746193819222928933e-01
2.076000000000000000e+03 5.843549327938688531e-01
2.080000000000000000e+03 5.955866228188185785e-01
2.084000000000000000e+03 6.069347466431819216e-01
2.088000000000000000e+03 6.180718419678146169e-01
2.092000000000000000e+03 6.291828301391120259e-01
2.096000000000000000e+03 6.410297624156662266e-01
2.100000000000000000e+03 6.530398830835689727e-01
2.104000000000000000e+03 6.650110726551489160e-01
2.108000000000000000e+03 6.774865554625878472e-01
2.112000000000000000e+03 6.892913567933723895e-01
2.116000000000000000e+03 7.011517939294996671e-01
2.120000000000000000e+03 7.131616533898209598e-01
2.124000000000000000e+03 7.255038592338574066e-01
2.128000000000000000e+03 7.372516667794233314e-01
2.132000000000000000e+03 7.488237136249461523e-01
2.136000000000000000e+03 7.596673444785030371e-01
2.140000000000000000e+03 7.700467791827838582e-01
2.144000000000000000e+03 7.803619045263106013e-01
2.148000000000000000e+03 7.904294286096281708e-01
2.152000000000000000e+03 8.002653257229265238e-01
2.156000000000000000e+03 8.092097462797245289e-01
2.160000000000000000e+03 8.180100541024665217e-01
2.164000000000000000e+03 8.255682766123646488e-01
2.168000000000000000e+03 8.318237686331763081e-01
2.172000000000000000e+03 8.385508155399423735e-01
2.176000000000000000e+03 8.436852507041885385e-01
2.180000000000000000e+03 8.485772553539936425e-01
2.184000000000000000e+03 8.518007567343711672e-01
2.188000000000000000e+03 8.548005976784103233e-01
2.192000000000000000e+03 8.571742221678090301e-01
2.196000000000000000e+03 8.577526115537290607e-01
