6.000000000000000000e+02 6.500698727554216592e-03
6.040000000000000000e+02 7.826875801452942705e-03
6.080000000000000000e+02 9.623862792261647300e-03
6.120000000000000000e+02 1.109875794310428987e-02
6.160000000000000000e+02 1.368426364605733990e-02
6.200000000000000000e+02 1.592307759015453364e-02
6.240000000000000000e+02 1.854520164370834431e-02
6.280000000000000000e+02 2.097049663265290742e-02
6.320000000000000000e+02 2.463782780475618633e-02
6.360000000000000000e+02 2.760211909473562347e-02
6.400000000000000000e+02 3.120748164360693383e-02
6.440000000000000000e+02 3.562723978166125460e-02
6.480000000000000000e+02 3.905736429039339402e-02
6.520000000000000000e+02 4.279652228324924007e-02
6.560000000000000000e+02 4.725908514930735049e-02
6.600000000000000000e+02 5.179000477792474605e-02
6.640000000000000000e+02 5.711971383915688538e-02
6.680000000000000000e+02 6.376728553214636164e-02
6.720000000000000000e+02 6.971187041817755725e-02
6.760000000000000000e+02 7.560132380309476929e-02
6.800000000000000000e+02 8.031148938996421349e-02
6.840000000000000000e+02 8.324747666933930701e-02
6.880000000000000000e+02 8.769988166838556254e-02
6.920000000000000000e+02 9.375383597172393113e-02
6.960000000000000000e+02 1.015264207140159219e-01
7.000000000000000000e+02 1.099957817821389933e-01
7.040000000000000000e+02 1.202987855730634353e-01
7.080000000000000000e+02 1.278332198193279923e-01
7.120000000000000000e+02 1.333757822997090059e-01
7.160000000000000000e+02 1.370102279644729026e-01
7.200000000000000000e+02 1.383558568812699452e-01
7.240000000000000000e+02 1.395682326413112961e-01
7.280000000000000000e+02 1.434863672750892050e-01
7.320000000000000000e+02 1.512853788056745807e-01
7.360000000000000000e+02 1.636262227741979991e-01
7.400000000000000000e+02 1.774044821963530194e-01
7.440000000000000000e+02 1.915124231785159670e-01
7.480000000000000000e+02 2.011122658662518603e-01
7.520000000000000000e+02 2.073799750833952293e-01
7.560000000000000000e+02 2.078720439852806967e-01
7.600000000000000000e+02 2.055306769346352813e-01
7.640000000000000000e+02 2.002331679976435408e-01
7.680000000000000000e+02 1.969936872417142326e-01
7.720000000000000000e+02 2.000021423828572120e-01
7.760000000000000000e+02 2.084988970360535376e-01
7.800000000000000000e+02 2.237081399753643729e-01
7.840000000000000000e+02 2.436351675611028444e-01
7.880000000000000000e+02 2.633247318366515044e-01
7.920000000000000000e+02 2.796898351225037826e-01
7.960000000000000000e+02 2.911431052116071894e-01
8.000000000000000000e+02 2.949070570091075205e-01
8.040000000000000000e+02 2.917082431005163512e-01
8.080000000000000000e+02 2.820071290422440091e-01
8.120000000000000000e+02 2.689714338410975625e-01
8.160000000000000000e+02 2.582268629975472685e-01
8.200000000000000000e+02 2.518665645832955380e-01
8.240000000000000000e+02 2.529898026698260138e-01
8.280000000000000000e+02 2.621690132043635324e-01
8.320000000000000000e+02 2.799767656638654789e-01
8.360000000000000000e+02 3.042993476915055728e-01
8.400000000000000000e+02 3.304787803232268617e-01
8.440000000000000000e+02 3.544819412880070297e-01
8.480000000000000000e+02 3.736778734699108817e-01
8.520000000000000000e+02 3.856729801961882309e-01
8.560000000000000000e+02 3.887159492723779031e-01
8.600000000000000000e+02 3.817940562610000477e-01
8.640000000000000000e+02 3.673917335991077615e-01
8.680000000000000000e+02 3.477160924297120204e-01
8.720000000000000000e+02 3.274076738194545699e-01
8.760000000000000000e+02 3.103487198483396714e-01
8.800000000000000000e+02 2.988845358051621104e-01
8.840000000000000000e+02 2.961669579331411839e-01
8.880000000000000000e+02 3.019586936666919796e-01
8.920000000000000000e+02 3.162163904133092340e-01
8.960000000000000000e+02 3.384032734742693505e-01
9.000000000000000000e+02 3.668957954449778014e-01
9.040000000000000000e+02 3.979947543701801704e-01
9.080000000000000000e+02 4.284999537963860017e-01
9.120000000000000000e+02 4.537834798610949072e-01
9.160000000000000000e+02 4.716844542425344677e-01
9.200000000000000000e+02 4.811473529810013083e-01
9.240000000000000000e+02 4.802565791009180685e-01
9.280000000000000000e+02 4.700675355326606741e-01
9.320000000000000000e+02 4.507165624735134379e-01
9.360000000000000000e+02 4.254361501823416547e-01
9.400000000000000000e+02 3.983970625130318077e-01
9.440000000000000000e+02 3.730180728825616687e-01
9.480000000000000000e+02 3.530185767305650257e-01
9.520000000000000000e+02 3.387007797528144848e-01
9.560000000000000000e+02 3.318800043428832280e-01
9.600000000000000000e+02 3.326673144218355582e-01
9.640000000000000000e+02 3.410224945482531744e-01
9.680000000000000000e+02 3.566808154521549645e-01
9.720000000000000000e+02 3.794399615769183387e-01
9.760000000000000000e+02 4.078671971176868194e-01
9.800000000000000000e+02 4.404326153609538497e-01
9.840000000000000000e+02 4.749053576834439405e-01
9.880000000000000000e+02 5.078718903976938703e-01
9.920000000000000000e+02 5.348469113640391681e-01
9.960000000000000000e+02 5.557758424316578960e-01
1.000000000000000000e+03 5.665156342393948830e-01
1.004000000000000000e+03 5.686982969498293183e-01
1.008000000000000000e+03 5.607554915983707922e-01
1.012000000000000000e+03 5.447119954583323764e-01
1.016000000000000000e+03 5.200411385669632125e-01
1.020000000000000000e+03 4.913181117785938579e-01
1.024000000000000000e+03 4.611688968021360746e-01
1.028000000000000000e+03 4.317417301993998757e-01
1.032000000000000000e+03 4.056580550978778343e-01
1.036000000000000000e+03 3.843959232643262003e-01
1.040000000000000000e+03 3.696261785193658000e-01
1.044000000000000000e+03 3.604136194603599352e-01
1.048000000000000000e+03 3.564052261078775041e-01
1.052000000000000000e+03 3.597213119106382195e-01
1.056000000000000000e+03 3.673706414312525870e-01
1.060000000000000000e+03 3.814471556700565480e-01
1.064000000000000000e+03 4.018336862495108242e-01
1.068000000000000000e+03 4.266572157508713437e-01
1.072000000000000000e+03 4.560544846613651115e-01
1.076000000000000000e+03 4.893852241455616259e-01
1.080000000000000000e+03 5.240707543949549851e-01
1.084000000000000000e+03 5.576821410169467974e-01
1.088000000000000000e+03 5.881767982720906840e-01
1.092000000000000000e+03 6.141536434644309095e-01
1.096000000000000000e+03 6.331760897849875169e-01
1.100000000000000000e+03 6.442704534437524444e-01
1.104000000000000000e+03 6.466442128693867808e-01
1.108000000000000000e+03 6.403859384255948806e-01
1.112000000000000000e+03 6.261798025480935781e-01
1.116000000000000000e+03 6.053667331256767925e-01
1.120000000000000000e+03 5.790510452369096450e-01
1.124000000000000000e+03 5.486846068476617377e-01
1.128000000000000000e+03 5.178608725404176827e-01
1.132000000000000000e+03 4.873455732119605366e-01
1.136000000000000000e+03 4.591698798611356103e-01
1.140000000000000000e+03 4.338504147493926766e-01
1.144000000000000000e+03 4.140191258253241857e-01
1.148000000000000000e+03 3.980226103185984798e-01
1.152000000000000000e+03 3.860384900011374354e-01
1.156000000000000000e+03 3.783087619888153008e-01
1.160000000000000000e+03 3.758124664583381569e-01
1.164000000000000000e+03 3.757536915064670358e-01
1.168000000000000000e+03 3.809797262395490103e-01
1.172000000000000000e+03 3.894862140052366417e-01
1.176000000000000000e+03 4.024518650267663311e-01
1.180000000000000000e+03 4.194892604584779527e-01
1.184000000000000000e+03 4.401247098678782721e-01
1.188000000000000000e+03 4.643450597991382600e-01
1.192000000000000000e+03 4.925400952855909509e-01
1.196000000000000000e+03 5.221406799229469931e-01
1.200000000000000000e+03 5.539972019756759236e-01
1.204000000000000000e+03 5.868238639953268221e-01
1.208000000000000000e+03 6.177939271178644054e-01
1.212000000000000000e+03 6.463685351078105601e-01
1.216000000000000000e+03 6.713078169366467618e-01
1.220000000000000000e+03 6.904986219642288425e-01
1.224000000000000000e+03 7.046346240179348630e-01
1.228000000000000000e+03 7.115451896971278778e-01
1.232000000000000000e+03 7.109804208415125837e-01
1.236000000000000000e+03 7.046109530900138695e-01
1.240000000000000000e+03 6.918301634874725048e-01
1.244000000000000000e+03 6.728608908262275756e-01
1.248000000000000000e+03 6.501252368612191468e-01
1.252000000000000000e+03 6.230180707364071369e-01
1.256000000000000000e+03 5.946661280604781386e-01
1.260000000000000000e+03 5.649097451721384333e-01
1.264000000000000000e+03 5.368389090108742767e-01
1.268000000000000000e+03 5.089165257605162695e-01
1.272000000000000000e+03 4.842415623915281020e-01
1.276000000000000000e+03 4.621115955307705248e-01
1.280000000000000000e+03 4.425065115013606110e-01
1.284000000000000000e+03 4.267644615605456493e-01
1.288000000000000000e+03 4.127385825535210273e-01
1.292000000000000000e+03 4.025223210201026580e-01
1.296000000000000000e+03 3.952856996696207381e-01
1.300000000000000000e+03 3.906259596600727968e-01
1.304000000000000000e+03 3.882009532140283659e-01
1.308000000000000000e+03 3.884891874474128426e-01
1.312000000000000000e+03 3.917490545625638698e-01
1.316000000000000000e+03 3.965869973305240492e-01
1.320000000000000000e+03 4.048983411191403592e-01
1.324000000000000000e+03 4.153603497766222841e-01
1.328000000000000000e+03 4.278042680600521730e-01
1.332000000000000000e+03 4.433272458716470132e-01
1.336000000000000000e+03 4.618464252163649308e-01
1.340000000000000000e+03 4.820957933777998417e-01
1.344000000000000000e+03 5.045020448998288609e-01
1.348000000000000000e+03 5.298285151679458238e-01
1.352000000000000000e+03 5.555653407352905138e-01
1.356000000000000000e+03 5.834352539882383670e-01
1.360000000000000000e+03 6.117126966118274778e-01
1.364000000000000000e+03 6.395012466122249606e-01
1.368000000000000000e+03 6.667938733310659893e-01
1.372000000000000000e+03 6.917977604708283046e-01
1.376000000000000000e+03 7.147399184048145449e-01
1.380000000000000000e+03 7.334689072014884959e-01
1.384000000000000000e+03 7.485368139531932696e-01
1.388000000000000000e+03 7.594493593805783371e-01
1.392000000000000000e+03 7.643377776601157914e-01
1.396000000000000000e+03 7.651227353266190079e-01
1.400000000000000000e+03 7.611600851739325213e-01
1.404000000000000000e+03 7.533578088202749212e-01
1.408000000000000000e+03 7.401054819916758065e-01
1.412000000000000000e+03 7.230548592267732610e-01
1.416000000000000000e+03 7.025903419090759883e-01
1.420000000000000000e+03 6.803159569523959949e-01
1.424000000000000000e+03 6.561830354418104472e-01
1.428000000000000000e+03 6.313453729082593169e-01
1.432000000000000000e+03 6.051795864300217875e-01
1.436000000000000000e+03 5.803509938249060696e-01
1.440000000000000000e+03 5.559372914542027866e-01
1.444000000000000000e+03 5.329422273523467535e-01
1.448000000000000000e+03 5.121118358705832874e-01
1.452000000000000000e+03 4.926525011830371059e-01
1.456000000000000000e+03 4.748238665647122603e-01
1.460000000000000000e+03 4.595033596068607284e-01
1.464000000000000000e+03 4.449002445404759420e-01
1.468000000000000000e+03 4.327528964831266478e-01
1.472000000000000000e+03 4.233953005429386129e-01
1.476000000000000000e+03 4.142476617498727642e-01
1.480000000000000000e+03 4.082160141579640467e-01
1.484000000000000000e+03 4.028117283964530726e-01
1.488000000000000000e+03 3.990719835426654871e-01
1.492000000000000000e+03 3.977280729035480022e-01
1.496000000000000000e+03 3.963124965705418501e-01
1.500000000000000000e+03 3.973734894277742291e-01
1.504000000000000000e+03 3.995234366023621697e-01
1.508000000000000000e+03 4.036515211495095845e-01
1.512000000000000000e+03 4.091893607733260718e-01
1.516000000000000000e+03 4.159321399432534538e-01
1.520000000000000000e+03 4.235095377080591028e-01
1.524000000000000000e+03 4.331077188641687670e-01
1.528000000000000000e+03 4.437619216525074406e-01
1.532000000000000000e+03 4.569067777808489828e-01
1.536000000000000000e+03 4.701645051483423488e-01
1.540000000000000000e+03 4.860625680678752336e-01
1.544000000000000000e+03 5.023535141601047638e-01
1.548000000000000000e+03 5.211341552697547064e-01
1.552000000000000000e+03 5.401844652293638083e-01
1.556000000000000000e+03 5.607444987152843119e-01
1.560000000000000000e+03 5.829770991520710766e-01
1.564000000000000000e+03 6.043849385561305132e-01
1.568000000000000000e+03 6.272384370739401138e-01
1.572000000000000000e+03 6.510595603296946976e-01
1.576000000000000000e+03 6.733538036289559159e-01
1.580000000000000000e+03 6.954867110403405439e-01
1.584000000000000000e+03 7.172390550850085145e-01
1.588000000000000000e+03 7.365771494167092648e-01
1.592000000000000000e+03 7.550612838949850580e-01
1.596000000000000000e+03 7.704216014722673478e-01
1.600000000000000000e+03 7.843960480360309129e-01
1.604000000000000000e+03 7.953990611237348185e-01
1.608000000000000000e+03 8.027381044788930442e-01
1.612000000000000000e+03 8.078554860395922299e-01
1.616000000000000000e+03 8.095797433766281914e-01
1.620000000000000000e+03 8.070642255976250290e-01
1.624000000000000000e+03 8.026869559393075004e-01
1.628000000000000000e+03 7.952778212668738522e-01
1.632000000000000000e+03 7.853278868302336901e-01
1.636000000000000000e+03 7.716836901366285195e-01
1.640000000000000000e+03 7.570013152136719770e-01
1.644000000000000000e+03 7.397343529931466044e-01
1.648000000000000000e+03 7.216782358834733513e-01
1.652000000000000000e+03 7.020927653822095493e-01
1.656000000000000000e+03 6.824667657644378771e-01
1.660000000000000000e+03 6.617497627200048527e-01
1.664000000000000000e+03 6.416728154020375774e-01
1.668000000000000000e+03 6.211469030976753958e-01
1.672000000000000000e+03 6.017255204318795458e-01
1.676000000000000000e+03 5.816405287712783645e-01
1.680000000000000000e+03 5.634990315264604144e-01
1.684000000000000000e+03 5.464580283970218444e-01
1.688000000000000000e+03 5.298927869493955667e-01
1.692000000000000000e+03 5.142989611231820746e-01
1.696000000000000000e+03 4.998102916869084367e-01
1.700000000000000000e+03 4.863983973988418863e-01
1.704000000000000000e+03 4.741913757936665474e-01
1.708000000000000000e+03 4.632738845247960091e-01
1.712000000000000000e+03 4.529923476304998919e-01
1.716000000000000000e+03 4.432645005205773647e-01
1.720000000000000000e+03 4.355028619265382539e-01
1.724000000000000000e+03 4.283450790027007460e-01
1.728000000000000000e+03 4.220954704282583458e-01
1.732000000000000000e+03 4.174235603255366800e-01
1.736000000000000000e+03 4.128229802225764078e-01
1.740000000000000000e+03 4.089367454566678606e-01
1.744000000000000000e+03 4.059711511993503996e-01
1.748000000000000000e+03 4.038567921551750040e-01
1.752000000000000000e+03 4.028614390205511042e-01
1.756000000000000000e+03 4.025561970088334385e-01
1.760000000000000000e+03 4.028455363242894327e-01
1.764000000000000000e+03 4.034752138162735480e-01
1.768000000000000000e+03 4.058663392783680157e-01
1.772000000000000000e+03 4.082430751111008060e-01
1.776000000000000000e+03 4.117028420067194161e-01
1.780000000000000000e+03 4.156957752313533150e-01
1.784000000000000000e+03 4.201150051578276812e-01
1.788000000000000000e+03 4.257447360278716619e-01
1.792000000000000000e+03 4.317354367642191049e-01
1.796000000000000000e+03 4.385708433217171409e-01
1.800000000000000000e+03 4.459720049121339569e-01
1.804000000000000000e+03 4.543549469058547063e-01
1.808000000000000000e+03 4.634127286410198998e-01
1.812000000000000000e+03 4.730337668610618551e-01
1.816000000000000000e+03 4.845313922132412632e-01
1.820000000000000000e+03 4.954208718054259331e-01
1.824000000000000000e+03 5.074190432183143251e-01
1.828000000000000000e+03 5.208145350686531616e-01
1.832000000000000000e+03 5.342848530459292089e-01
1.836000000000000000e+03 5.488847984712702521e-01
1.840000000000000000e+03 5.635017451557200463e-01
1.844000000000000000e+03 5.790057634608453130e-01
1.848000000000000000e+03 5.953693314469654663e-01
1.852000000000000000e+03 6.113440073274946096e-01
1.856000000000000000e+03 6.284674933442921940e-01
1.860000000000000000e+03 6.458544786155374640e-01
1.864000000000000000e+03 6.625446365534205517e-01
1.868000000000000000e+03 6.798278553371815969e-01
1.872000000000000000e+03 6.974733252585186838e-01
1.876000000000000000e+03 7.144095214418350048e-01
1.880000000000000000e+03 7.307835790439154433e-01
1.884000000000000000e+03 7.467765355515599834e-01
1.888000000000000000e+03 7.623099736528688997e-01
1.892000000000000000e+03 7.769290064362582848e-01
1.896000000000000000e+03 7.894146178571368466e-01
1.900000000000000000e+03 8.021228390627190841e-01
1.904000000000000000e+03 8.128571390106927863e-01
1.908000000000000000e+03 8.222403788656844625e-01
1.912000000000000000e+03 8.293538149746955135e-01
1.916000000000000000e+03 8.355185818029186029e-01
1.920000000000000000e+03 8.393563870694814577e-01
1.924000000000000000e+03 8.418659196655201571e-01
1.928000000000000000e+03 8.434519159349568307e-01
1.932000000000000000e+03 8.425585498811374308e-01
1.936000000000000000e+03 8.390957581857197978e-01
1.940000000000000000e+03 8.348624329864456906e-01
1.944000000000000000e+03 8.293959094393051901e-01
1.948000000000000000e+03 8.215859116531517570e-01
1.952000000000000000e+03 8.130301338162110314e-01
1.956000000000000000e+03 8.026783143084398331e-01
1.960000000000000000e+03 7.917066883356912443e-01
1.964000000000000000e+03 7.791457320815221577e-01
1.968000000000000000e+03 7.666042625660690613e-01
1.972000000000000000e+03 7.524798031536030773e-01
1.976000000000000000e+03 7.379916951842514505e-01
1.980000000000000000e+03 7.231885652568780243e-01
1.984000000000000000e+03 7.081799831480205532e-01
1.988000000000000000e+03 6.930472086472579951e-01
1.992000000000000000e+03 6.780113601126134260e-01
1.996000000000000000e+03 6.623332680352560509e-01
2.000000000000000000e+03 6.468813139635992693e-01
2.004000000000000000e+03 6.321505435974179576e-01
2.008000000000000000e+03 6.181032305662074178e-01
2.012000000000000000e+03 6.034364459426707628e-01
2.016000000000000000e+03 5.903952024927452413e-01
2.020000000000000000e+03 5.765766172358345321e-01
2.024000000000000000e+03 5.644003043591050428e-01
2.028000000000000000e+03 5.514996845965722816e-01
2.032000000000000000e+03 5.398706612895265433e-01
2.036000000000000000e+03 5.286445630544294172e-01
2.040000000000000000e+03 5.186586423049945882e-01
2.044000000000000000e+03 5.087528553926341512e-01
2.048000000000000000e+03 4.992715633955424059e-01
2.052000000000000000e+03 4.895030779211310135e-01
2.056000000000000000e+03 4.810831615182918908e-01
2.060000000000000000e+03 4.735475667516653164e-01
2.064000000000000000e+03 4.664766210812396063e-01
2.068000000000000000e+03 4.586799977170448739e-01
2.072000000000000000e+03 4.523671515478628891e-01
2.076000000000000000e+03 4.472167618001280931e-01
2.080000000000000000e+03 4.416520606009055050e-01
2.084000000000000000e+03 4.364032717797773353e-01
2.088000000000000000e+03 4.315879636369435723e-01
2.092000000000000000e+03 4.271898784613084588e-01
2.096000000000000000e+03 4.239896972695222366e-01
2.100000000000000000e+03 4.198271251989651454e-01
2.104000000000000000e+03 4.174178420246341115e-01
2.108000000000000000e+03 4.144598248867930601e-01
2.112000000000000000e+03 4.125570768718626602e-01
2.116000000000000000e+03 4.103724091035786947e-01
2.120000000000000000e+03 4.092966169223047901e-01
2.124000000000000000e+03 4.076415317429928908e-01
2.128000000000000000e+03 4.067084722732066115e-01
2.132000000000000000e+03 4.062069415711602183e-01
2.136000000000000000e+03 4.061025837094495161e-01
2.140000000000000000e+03 4.066227921290860303e-01
2.144000000000000000e+03 4.074373939775982612e-01
2.148000000000000000e+03 4.080437101485629436e-01
2.152000000000000000e+03 4.095713125011571365e-01
2.156000000000000000e+03 4.110312183256649710e-01
2.160000000000000000e+03 4.125702962671730090e-01
2.164000000000000000e+03 4.143109975735085326e-01
2.168000000000000000e+03 4.175052929412391700e-01
2.172000000000000000e+03 4.203810443671410213e-01
2.176000000000000000e+03 4.228226817143977967e-01
2.180000000000000000e+03 4.269169147930567121e-01
2.184000000000000000e+03 4.301503998391668082e-01
2.188000000000000000e+03 4.341294891837352288e-01
2.192000000000000000e+03 4.389063431466634357e-01
2.196000000000000000e+03 4.434430193158924172e-01
