6.000000000000000000e+02 5.167590525798935325e-02
6.040000000000000000e+02 4.634016362504118913e-02
6.080000000000000000e+02 5.503584909712096185e-02
6.120000000000000000e+02 6.880103895053613083e-02
6.160000000000000000e+02 5.601196457958448893e-02
6.200000000000000000e+02 7.781948875064910454e-02
6.240000000000000000e+02 8.600446970467827412e-02
6.280000000000000000e+02 6.802926976371452550e-02
6.320000000000000000e+02 9.135627055784752149e-02
6.360000000000000000e+02 1.178581527502246262e-01
6.400000000000000000e+02 8.757021901282298348e-02
6.440000000000000000e+02 8.887617840493429455e-02
6.480000000000000000e+02 1.369526129354635136e-01
6.520000000000000000e+02 1.422644918041046924e-01
6.560000000000000000e+02 1.020894153826823747e-01
6.600000000000000000e+02 1.056419815185907773e-01
6.640000000000000000e+02 1.612428116642022624e-01
6.680000000000000000e+02 1.929560884621648043e-01
6.720000000000000000e+02 1.365697117049630704e-01
6.760000000000000000e+02 1.138264121373897680e-01
6.800000000000000000e+02 1.395934195649280174e-01
6.840000000000000000e+02 2.181345998614026283e-01
6.880000000000000000e+02 2.379931864747223680e-01
6.920000000000000000e+02 1.659335546861938071e-01
6.960000000000000000e+02 1.322388416007921341e-01
7.000000000000000000e+02 1.448441883746854064e-01
7.040000000000000000e+02 2.104540424323328718e-01
7.080000000000000000e+02 3.025608801952287541e-01
7.120000000000000000e+02 2.697651237182708828e-01
7.160000000000000000e+02 1.860880743734489584e-01
7.200000000000000000e+02 1.508789354935631544e-01
7.240000000000000000e+02 1.573829606767374045e-01
7.280000000000000000e+02 2.111095571057576281e-01
7.320000000000000000e+02 3.174783362733155645e-01
7.360000000000000000e+02 3.774540782600757094e-01
7.400000000000000000e+02 2.935918882262527063e-01
7.440000000000000000e+02 2.078585599386382765e-01
7.480000000000000000e+02 1.699874024994725008e-01
7.520000000000000000e+02 1.710696286319776382e-01
7.560000000000000000e+02 2.081235206401606808e-01
7.600000000000000000e+02 2.957817415127593219e-01
7.640000000000000000e+02 4.180916205069976632e-01
7.680000000000000000e+02 4.416747591450758126e-01
7.720000000000000000e+02 3.383435937366659485e-01
7.760000000000000000e+02 2.440322707301969540e-01
7.800000000000000000e+02 1.970088693119124157e-01
7.840000000000000000e+02 1.845644575726523851e-01
7.880000000000000000e+02 2.001881652775739373e-01
7.920000000000000000e+02 2.498007654990050674e-01
7.960000000000000000e+02 3.445044252349609981e-01
8.000000000000000000e+02 4.730860464038164626e-01
8.040000000000000000e+02 5.293789628353349208e-01
8.080000000000000000e+02 4.443627853837281427e-01
8.120000000000000000e+02 3.293052773811083744e-01
8.160000000000000000e+02 2.524338411259945403e-01
8.200000000000000000e+02 2.136126589978872836e-01
8.240000000000000000e+02 2.013918549419661252e-01
8.280000000000000000e+02 2.115560673873383979e-01
8.320000000000000000e+02 2.464410469102871204e-01
8.360000000000000000e+02 3.125935007382549258e-01
8.400000000000000000e+02 4.206529898291317959e-01
8.440000000000000000e+02 5.467431976863991183e-01
8.480000000000000000e+02 6.054567163377605477e-01
8.520000000000000000e+02 5.375714796197098577e-01
8.560000000000000000e+02 4.189196970287618615e-01
8.600000000000000000e+02 3.227379776710869730e-01
8.640000000000000000e+02 2.634419309394401276e-01
8.680000000000000000e+02 2.306463042361890092e-01
8.720000000000000000e+02 2.188724876383419116e-01
8.760000000000000000e+02 2.235461181890037174e-01
8.800000000000000000e+02 2.446253800510960474e-01
8.840000000000000000e+02 2.869267445833400543e-01
8.880000000000000000e+02 3.561328018164789944e-01
8.920000000000000000e+02 4.573540257780651097e-01
8.960000000000000000e+02 5.793968793027766129e-01
9.000000000000000000e+02 6.666895367909554393e-01
9.040000000000000000e+02 6.559829968309918158e-01
9.080000000000000000e+02 5.612203879534396478e-01
9.120000000000000000e+02 4.498031280611285432e-01
9.160000000000000000e+02 3.608431245398396880e-01
9.200000000000000000e+02 3.001339067023485185e-01
9.240000000000000000e+02 2.623181387001600751e-01
9.280000000000000000e+02 2.420082127858777798e-01
9.320000000000000000e+02 2.341550383641287092e-01
9.360000000000000000e+02 2.390044887606466995e-01
9.400000000000000000e+02 2.555263000569600873e-01
9.440000000000000000e+02 2.851480631791958875e-01
9.480000000000000000e+02 3.323378242032463126e-01
9.520000000000000000e+02 4.007973352147148893e-01
9.560000000000000000e+02 4.932251623370967342e-01
9.600000000000000000e+02 6.029226814175511207e-01
9.640000000000000000e+02 6.986926127436564604e-01
9.680000000000000000e+02 7.369387449450226502e-01
9.720000000000000000e+02 6.965756645259115754e-01
9.760000000000000000e+02 6.045596338935069758e-01
9.800000000000000000e+02 5.036817721567570239e-01
9.840000000000000000e+02 4.178770570993758371e-01
9.880000000000000000e+02 3.537223961619792023e-01
9.920000000000000000e+02 3.087861920196300902e-01
9.960000000000000000e+02 2.788027753315208135e-01
1.000000000000000000e+03 2.602795728730336045e-01
1.004000000000000000e+03 2.506097268963547453e-01
1.008000000000000000e+03 2.501186025962700010e-01
1.012000000000000000e+03 2.566029932946135017e-01
1.016000000000000000e+03 2.716640549393726234e-01
1.020000000000000000e+03 2.959469997614200265e-01
1.024000000000000000e+03 3.309774167381902554e-01
1.028000000000000000e+03 3.796280627116397910e-01
1.032000000000000000e+03 4.447184865009300991e-01
1.036000000000000000e+03 5.257730875031552120e-01
1.040000000000000000e+03 6.179674766076579395e-01
1.044000000000000000e+03 7.080649638872060780e-01
1.048000000000000000e+03 7.720381163992640072e-01
1.052000000000000000e+03 7.859543651497499228e-01
1.056000000000000000e+03 7.460267980878667604e-01
1.060000000000000000e+03 6.705318414113544678e-01
1.064000000000000000e+03 5.827579660456361221e-01
1.068000000000000000e+03 5.014853958587139893e-01
1.072000000000000000e+03 4.340850801754014832e-01
1.076000000000000000e+03 3.802978338111163703e-01
1.080000000000000000e+03 3.397011237428728125e-01
1.084000000000000000e+03 3.098791446664877491e-01
1.088000000000000000e+03 2.880088182629021998e-01
1.092000000000000000e+03 2.739563907456750158e-01
1.096000000000000000e+03 2.651478511868516352e-01
1.100000000000000000e+03 2.628008118259716475e-01
1.104000000000000000e+03 2.653681078445887520e-01
1.108000000000000000e+03 2.727266607164947065e-01
1.112000000000000000e+03 2.849059000915841189e-01
1.116000000000000000e+03 3.034284773734134411e-01
1.120000000000000000e+03 3.284842756260781815e-01
1.124000000000000000e+03 3.622579294406826911e-01
1.128000000000000000e+03 4.033971725723527468e-01
1.132000000000000000e+03 4.552241380283094108e-01
1.136000000000000000e+03 5.181954394392136454e-01
1.140000000000000000e+03 5.893990555328298964e-01
1.144000000000000000e+03 6.663277639572929845e-01
1.148000000000000000e+03 7.401120293913764359e-01
1.152000000000000000e+03 7.965771997637779434e-01
1.156000000000000000e+03 8.258735169328104142e-01
1.160000000000000000e+03 8.194933349180281157e-01
1.164000000000000000e+03 7.805413827222413836e-01
1.168000000000000000e+03 7.199877553167697286e-01
1.172000000000000000e+03 6.496456436741134821e-01
1.176000000000000000e+03 5.802256893168005192e-01
1.180000000000000000e+03 5.170299522499297584e-01
1.184000000000000000e+03 4.614968517993853769e-01
1.188000000000000000e+03 4.164653607198182672e-01
1.192000000000000000e+03 3.791853140840781844e-01
1.196000000000000000e+03 3.495613086670725789e-01
1.200000000000000000e+03 3.251931828755568188e-01
1.204000000000000000e+03 3.076665504422052000e-01
1.208000000000000000e+03 2.938902643953728022e-01
1.212000000000000000e+03 2.844417759249099897e-01
1.216000000000000000e+03 2.777085279977506982e-01
1.220000000000000000e+03 2.751332532811827103e-01
1.224000000000000000e+03 2.753546789454072719e-01
1.228000000000000000e+03 2.794748727359412377e-01
1.232000000000000000e+03 2.852864061653107575e-01
1.236000000000000000e+03 2.954310023843727540e-01
1.240000000000000000e+03 3.080023452498043546e-01
1.244000000000000000e+03 3.254471052105974982e-01
1.248000000000000000e+03 3.460518495715252385e-01
1.252000000000000000e+03 3.720363939059807556e-01
1.256000000000000000e+03 4.025592626440016031e-01
1.260000000000000000e+03 4.394597145632296309e-01
1.264000000000000000e+03 4.815872316759501892e-01
1.268000000000000000e+03 5.300783584864909859e-01
1.272000000000000000e+03 5.852055758191146984e-01
1.276000000000000000e+03 6.431602252492975014e-01
1.280000000000000000e+03 7.033086311487983799e-01
1.284000000000000000e+03 7.596598040970425902e-01
1.288000000000000000e+03 8.083124971503646838e-01
1.292000000000000000e+03 8.421762822531244641e-01
1.296000000000000000e+03 8.570250665240185528e-01
1.300000000000000000e+03 8.514871070087295379e-01
1.304000000000000000e+03 8.259124362666826480e-01
1.308000000000000000e+03 7.864384298482482993e-01
1.312000000000000000e+03 7.362961921317074943e-01
1.316000000000000000e+03 6.818456235227953188e-01
1.320000000000000000e+03 6.271758320064980685e-01
1.324000000000000000e+03 5.758150333051340608e-01
1.328000000000000000e+03 5.278534526181838382e-01
1.332000000000000000e+03 4.859903491651985097e-01
1.336000000000000000e+03 4.489200921256810140e-01
1.340000000000000000e+03 4.179467951192230024e-01
1.344000000000000000e+03 3.901015968719948601e-01
1.348000000000000000e+03 3.675980045172344002e-01
1.352000000000000000e+03 3.477215523692708810e-01
1.356000000000000000e+03 3.318009513251591880e-01
1.360000000000000000e+03 3.188906394510798714e-01
1.364000000000000000e+03 3.074064534218589051e-01
1.368000000000000000e+03 2.993583217277119846e-01
1.372000000000000000e+03 2.935934538508057079e-01
1.376000000000000000e+03 2.893251684365191756e-01
1.380000000000000000e+03 2.868856843390215072e-01
1.384000000000000000e+03 2.863466519828490875e-01
1.388000000000000000e+03 2.867340960740719646e-01
1.392000000000000000e+03 2.903894385829005054e-01
1.396000000000000000e+03 2.947703516272626167e-01
1.400000000000000000e+03 3.009515678626286106e-01
1.404000000000000000e+03 3.092883665194853804e-01
1.408000000000000000e+03 3.183955943271174482e-01
1.412000000000000000e+03 3.313021839667912860e-01
1.416000000000000000e+03 3.454430192811223654e-01
1.420000000000000000e+03 3.621384410578686319e-01
1.424000000000000000e+03 3.809392786313215984e-01
1.428000000000000000e+03 4.028114009704246157e-01
1.432000000000000000e+03 4.275345864966985099e-01
1.436000000000000000e+03 4.558797327432750901e-01
1.440000000000000000e+03 4.865921274457656875e-01
1.444000000000000000e+03 5.215276303489198018e-01
1.448000000000000000e+03 5.584471358899494309e-01
1.452000000000000000e+03 5.997600642641136570e-01
1.456000000000000000e+03 6.423022164064873252e-01
1.460000000000000000e+03 6.862685496090663584e-01
1.464000000000000000e+03 7.299493585393845851e-01
1.468000000000000000e+03 7.718506807679310633e-01
1.472000000000000000e+03 8.094928960182096178e-01
1.476000000000000000e+03 8.408939023881584207e-01
1.480000000000000000e+03 8.641961487484488558e-01
1.484000000000000000e+03 8.769176990293624518e-01
1.488000000000000000e+03 8.782487473778665121e-01
1.492000000000000000e+03 8.699451236051208847e-01
1.496000000000000000e+03 8.501847689632643368e-01
1.500000000000000000e+03 8.229302698787644976e-01
1.504000000000000000e+03 7.896913199358104318e-01
1.508000000000000000e+03 7.524055862672833772e-01
1.512000000000000000e+03 7.127962728007577464e-01
1.516000000000000000e+03 6.727004683488887471e-01
1.520000000000000000e+03 6.330533536401012906e-01
1.524000000000000000e+03 5.957616126289955183e-01
1.528000000000000000e+03 5.601708963588837298e-01
1.532000000000000000e+03 5.273774646487183748e-01
1.536000000000000000e+03 4.980911480570940908e-01
1.540000000000000000e+03 4.707903976702537685e-01
1.544000000000000000e+03 4.462143878681901210e-01
1.548000000000000000e+03 4.245797743119503198e-01
1.552000000000000000e+03 4.043147699550356244e-01
1.556000000000000000e+03 3.873362189879815398e-01
1.560000000000000000e+03 3.715716890387996685e-01
1.564000000000000000e+03 3.584554784748446021e-01
1.568000000000000000e+03 3.457975529380932778e-01
1.572000000000000000e+03 3.357681323204462220e-01
1.576000000000000000e+03 3.268147476476595537e-01
1.580000000000000000e+03 3.188101337924451606e-01
1.584000000000000000e+03 3.122156298165794097e-01
1.588000000000000000e+03 3.076172951617811568e-01
1.592000000000000000e+03 3.029610275413719966e-01
1.596000000000000000e+03 2.993854172141458547e-01
1.600000000000000000e+03 2.972234689334021795e-01
1.604000000000000000e+03 2.961338544933741490e-01
1.608000000000000000e+03 2.953754863997823943e-01
1.612000000000000000e+03 2.958572118592318612e-01
1.616000000000000000e+03 2.975921675953615564e-01
1.620000000000000000e+03 2.995605711894240852e-01
1.624000000000000000e+03 3.024768316872433749e-01
1.628000000000000000e+03 3.062282736635601466e-01
1.632000000000000000e+03 3.109639220152736194e-01
1.636000000000000000e+03 3.168122976711773564e-01
1.640000000000000000e+03 3.229197395655599712e-01
1.644000000000000000e+03 3.310642019999450181e-01
1.648000000000000000e+03 3.392236870904317692e-01
1.652000000000000000e+03 3.485923174742416863e-01
1.656000000000000000e+03 3.599567610815068708e-01
1.660000000000000000e+03 3.718459681374960968e-01
1.664000000000000000e+03 3.851525492401609019e-01
1.668000000000000000e+03 3.995420157410728978e-01
1.672000000000000000e+03 4.153840856193743436e-01
1.676000000000000000e+03 4.318506305170470294e-01
1.680000000000000000e+03 4.510625178217899101e-01
1.684000000000000000e+03 4.717918718036350212e-01
1.688000000000000000e+03 4.930665370676864390e-01
1.692000000000000000e+03 5.170222339574319648e-01
1.696000000000000000e+03 5.417086965711855884e-01
1.700000000000000000e+03 5.682388206664313879e-01
1.704000000000000000e+03 5.956230400738893316e-01
1.708000000000000000e+03 6.246405038740691085e-01
1.712000000000000000e+03 6.541406705177914560e-01
1.716000000000000000e+03 6.853282783688553481e-01
1.720000000000000000e+03 7.154575845647830334e-01
1.724000000000000000e+03 7.456096673760882476e-01
1.728000000000000000e+03 7.745258839984167087e-01
1.732000000000000000e+03 8.021810638047578434e-01
1.736000000000000000e+03 8.274238165860993144e-01
1.740000000000000000e+03 8.495746065846407902e-01
1.744000000000000000e+03 8.680913702226324968e-01
1.748000000000000000e+03 8.811606575198399627e-01
1.752000000000000000e+03 8.900864922111162425e-01
1.756000000000000000e+03 8.935847055456627164e-01
1.760000000000000000e+03 8.925754319129752812e-01
1.764000000000000000e+03 8.863689951405939738e-01
1.768000000000000000e+03 8.742464679039508857e-01
1.772000000000000000e+03 8.589300829096537804e-01
1.776000000000000000e+03 8.405684644262669813e-01
1.780000000000000000e+03 8.182223396655791126e-01
1.784000000000000000e+03 7.939901742021953091e-01
1.788000000000000000e+03 7.681593919786335878e-01
1.792000000000000000e+03 7.407943708367853430e-01
1.796000000000000000e+03 7.136950042973810859e-01
1.800000000000000000e+03 6.861269668635645580e-01
1.804000000000000000e+03 6.591356858023326160e-01
1.808000000000000000e+03 6.323875820681452709e-01
1.812000000000000000e+03 6.079345119456875945e-01
1.816000000000000000e+03 5.834420292962234633e-01
1.820000000000000000e+03 5.604370730775277698e-01
1.824000000000000000e+03 5.383213230607212241e-01
1.828000000000000000e+03 5.178379398031279779e-01
1.832000000000000000e+03 4.980024936189585416e-01
1.836000000000000000e+03 4.798806084125225024e-01
1.840000000000000000e+03 4.634154807413056187e-01
1.844000000000000000e+03 4.477078066493563879e-01
1.848000000000000000e+03 4.329365886398386376e-01
1.852000000000000000e+03 4.192380811474586411e-01
1.856000000000000000e+03 4.069839002784917392e-01
1.860000000000000000e+03 3.950123894301918459e-01
1.864000000000000000e+03 3.850516445429401635e-01
1.868000000000000000e+03 3.755339129990816205e-01
1.872000000000000000e+03 3.663440332878891148e-01
1.876000000000000000e+03 3.582481380199655230e-01
1.880000000000000000e+03 3.509315477711513198e-01
1.884000000000000000e+03 3.435514539969308223e-01
1.888000000000000000e+03 3.371504366951645348e-01
1.892000000000000000e+03 3.320717554343726174e-01
1.896000000000000000e+03 3.272003478514702302e-01
1.900000000000000000e+03 3.222356026643565241e-01
1.904000000000000000e+03 3.183549893013328247e-01
1.908000000000000000e+03 3.150147933947932688e-01
1.912000000000000000e+03 3.118519616072392142e-01
1.916000000000000000e+03 3.101892831229816627e-01
1.920000000000000000e+03 3.078338546322051950e-01
1.924000000000000000e+03 3.056840801115395245e-01
1.928000000000000000e+03 3.043981239566755370e-01
1.932000000000000000e+03 3.035887804603670248e-01
1.936000000000000000e+03 3.034537388996286777e-01
1.940000000000000000e+03 3.032368204318447447e-01
1.944000000000000000e+03 3.038430986812757917e-01
1.948000000000000000e+03 3.046198011671606420e-01
1.952000000000000000e+03 3.063178489860029496e-01
1.956000000000000000e+03 3.079341609758347587e-01
1.960000000000000000e+03 3.098281144644411400e-01
1.964000000000000000e+03 3.112987533818039609e-01
1.968000000000000000e+03 3.145578614907891812e-01
1.972000000000000000e+03 3.174189797203567642e-01
1.976000000000000000e+03 3.211860299575464706e-01
1.980000000000000000e+03 3.245723383841717102e-01
1.984000000000000000e+03 3.288701204654623789e-01
1.988000000000000000e+03 3.333216220271772445e-01
1.992000000000000000e+03 3.387767037957301608e-01
1.996000000000000000e+03 3.435712186383865219e-01
2.000000000000000000e+03 3.503753602736602302e-01
2.004000000000000000e+03 3.559682235144164819e-01
2.008000000000000000e+03 3.631161340220480094e-01
2.012000000000000000e+03 3.710573248602128671e-01
2.016000000000000000e+03 3.782051787771646412e-01
2.020000000000000000e+03 3.874189393323462793e-01
2.024000000000000000e+03 3.960141447519797686e-01
2.028000000000000000e+03 4.050705272324187090e-01
2.032000000000000000e+03 4.155499833795150422e-01
2.036000000000000000e+03 4.262643531828259613e-01
2.040000000000000000e+03 4.368253517778860062e-01
2.044000000000000000e+03 4.494649921278813243e-01
2.048000000000000000e+03 4.611397757821881216e-01
2.052000000000000000e+03 4.742901957341694730e-01
2.056000000000000000e+03 4.881494125344446045e-01
2.060000000000000000e+03 5.027065287786655068e-01
2.064000000000000000e+03 5.172974187962510184e-01
2.068000000000000000e+03 5.327449384339834060e-01
2.072000000000000000e+03 5.495326511604189390e-01
2.076000000000000000e+03 5.660543867166433207e-01
2.080000000000000000e+03 5.833525985550038762e-01
2.084000000000000000e+03 6.019429890408777295e-01
2.088000000000000000e+03 6.202347515473456419e-01
2.092000000000000000e+03 6.387446969004174635e-01
2.096000000000000000e+03 6.575502678256207600e-01
2.100000000000000000e+03 6.776866056335921762e-01
2.104000000000000000e+03 6.965513575848186756e-01
2.108000000000000000e+03 7.159743044665514144e-01
2.112000000000000000e+03 7.356636134925599313e-01
2.116000000000000000e+03 7.545768823847623930e-01
2.120000000000000000e+03 7.733687566966552795e-01
2.124000000000000000e+03 7.922788542163760050e-01
2.128000000000000000e+03 8.092159111039981534e-01
2.132000000000000000e+03 8.260141576268454910e-01
2.136000000000000000e+03 8.413123602563830072e-01
2.140000000000000000e+03 8.548916679791960238e-01
2.144000000000000000e+03 8.672933333711181358e-01
2.148000000000000000e+03 8.782128756929421520e-01
2.152000000000000000e+03 8.875855883728858142e-01
2.156000000000000000e+03 8.949171904428174784e-01
2.160000000000000000e+03 8.999194919917887781e-01
2.164000000000000000e+03 9.033720624302901125e-01
2.168000000000000000e+03 9.037973106778165455e-01
2.172000000000000000e+03 9.026372093996021251e-01
2.176000000000000000e+03 8.995736084306764635e-01
2.180000000000000000e+03 8.954382109956470215e-01
2.184000000000000000e+03 8.879143859184704946e-01
2.188000000000000000e+03 8.792929055239367964e-01
2.192000000000000000e+03 8.690327318613174645e-01
2.196000000000000000e+03 8.580262849448504481e-01
