6.000000000000000000e+02 2.951417688173103913e-04
6.040000000000000000e+02 3.425689769801063705e-04
6.080000000000000000e+02 9.859360955064343593e-05
6.120000000000000000e+02 2.641902987996108708e-05
6.160000000000000000e+02 6.672130094318742778e-04
6.200000000000000000e+02 5.027953755850589302e-04
6.240000000000000000e+02 7.693402000139961728e-05
6.280000000000000000e+02 7.188773302185447103e-04
6.320000000000000000e+02 1.642090299838326768e-04
6.360000000000000000e+02 5.842619107659754226e-04
6.400000000000000000e+02 4.703236798954963781e-04
6.440000000000000000e+02 1.047069115580484501e-03
6.480000000000000000e+02 5.511995444551418249e-04
6.520000000000000000e+02 1.157663714192387269e-03
6.560000000000000000e+02 1.108883575482353789e-03
6.600000000000000000e+02 5.131521557039848708e-04
6.640000000000000000e+02 1.336634439492070947e-03
6.680000000000000000e+02 1.324202284258843261e-03
6.720000000000000000e+02 1.125828532563140664e-03
6.760000000000000000e+02 1.807919358635881905e-03
6.800000000000000000e+02 1.731329137549950581e-03
6.840000000000000000e+02 3.010162822118502002e-03
6.880000000000000000e+02 3.071936329046955419e-03
6.920000000000000000e+02 4.037992323138035224e-03
6.960000000000000000e+02 5.011590673617602465e-03
7.000000000000000000e+02 5.855623336680985079e-03
7.040000000000000000e+02 6.388663547226772731e-03
7.080000000000000000e+02 7.324995578156396833e-03
7.120000000000000000e+02 9.022866575079514437e-03
7.160000000000000000e+02 9.917626268981113991e-03
7.200000000000000000e+02 1.140491625908018197e-02
7.240000000000000000e+02 1.273200416615731349e-02
7.280000000000000000e+02 1.499475681551021983e-02
7.320000000000000000e+02 1.643489220254707242e-02
7.360000000000000000e+02 1.898830929882634397e-02
7.400000000000000000e+02 2.058573606148194138e-02
7.440000000000000000e+02 2.411041930527230842e-02
7.480000000000000000e+02 2.682405281695954269e-02
7.520000000000000000e+02 2.907328452432612897e-02
7.560000000000000000e+02 3.172357299764101690e-02
7.600000000000000000e+02 3.415651286976620349e-02
7.640000000000000000e+02 3.649647566787824621e-02
7.680000000000000000e+02 3.986103265476462904e-02
7.720000000000000000e+02 4.400293179034244634e-02
7.760000000000000000e+02 4.916837938525694257e-02
7.800000000000000000e+02 5.397370971770953235e-02
7.840000000000000000e+02 5.737098727415277516e-02
7.880000000000000000e+02 5.949910506608856869e-02
7.920000000000000000e+02 6.121486203414482075e-02
7.960000000000000000e+02 6.367670991361365496e-02
8.000000000000000000e+02 6.662645513549925180e-02
8.040000000000000000e+02 7.278071841159963751e-02
8.080000000000000000e+02 8.031013031320900775e-02
8.120000000000000000e+02 8.856235196085503192e-02
8.160000000000000000e+02 9.658602852860209698e-02
8.200000000000000000e+02 1.007358794804789903e-01
8.240000000000000000e+02 1.028496701058324025e-01
8.280000000000000000e+02 1.019339898107981673e-01
8.320000000000000000e+02 1.005766824894903377e-01
8.360000000000000000e+02 1.009513437528783419e-01
8.400000000000000000e+02 1.044923049742652599e-01
8.440000000000000000e+02 1.124631293459551068e-01
8.480000000000000000e+02 1.238555820080104591e-01
8.520000000000000000e+02 1.369969517604018583e-01
8.560000000000000000e+02 1.508921075687582325e-01
8.600000000000000000e+02 1.602940927295790352e-01
8.640000000000000000e+02 1.631758909111312161e-01
8.680000000000000000e+02 1.611412013100885499e-01
8.720000000000000000e+02 1.551801607389759197e-01
8.760000000000000000e+02 1.485812133842359939e-01
8.800000000000000000e+02 1.444026514379485038e-01
8.840000000000000000e+02 1.442767991225366586e-01
8.880000000000000000e+02 1.497663697091216051e-01
8.920000000000000000e+02 1.607631809243968979e-01
8.960000000000000000e+02 1.765579949453438269e-01
9.000000000000000000e+02 1.966982642009798832e-01
9.040000000000000000e+02 2.168659491536832351e-01
9.080000000000000000e+02 2.336095804927197928e-01
9.120000000000000000e+02 2.414523306129393310e-01
9.160000000000000000e+02 2.402570443271308254e-01
9.200000000000000000e+02 2.304894518485452737e-01
9.240000000000000000e+02 2.168141978064652420e-01
9.280000000000000000e+02 2.032472634087141294e-01
9.320000000000000000e+02 1.923008667622889134e-01
9.360000000000000000e+02 1.866455735956792927e-01
9.400000000000000000e+02 1.863057703483317618e-01
9.440000000000000000e+02 1.934185954585967981e-01
9.480000000000000000e+02 2.076931085066393012e-01
9.520000000000000000e+02 2.276875920036665890e-01
9.560000000000000000e+02 2.526721652049072619e-01
9.600000000000000000e+02 2.804229372699599820e-01
9.640000000000000000e+02 3.064284158562782245e-01
9.680000000000000000e+02 3.264749106205577234e-01
9.720000000000000000e+02 3.341463900121204866e-01
9.760000000000000000e+02 3.304429175584407408e-01
9.800000000000000000e+02 3.150924612497740251e-01
9.840000000000000000e+02 2.940129113235055436e-01
9.880000000000000000e+02 2.718124014219910900e-01
9.920000000000000000e+02 2.513959936154444019e-01
9.960000000000000000e+02 2.355819813427654785e-01
1.000000000000000000e+03 2.273181851234964135e-01
1.004000000000000000e+03 2.243625570644584288e-01
1.008000000000000000e+03 2.276379177219868544e-01
1.012000000000000000e+03 2.372497685859548400e-01
1.016000000000000000e+03 2.544371336345896961e-01
1.020000000000000000e+03 2.776467634566275322e-01
1.024000000000000000e+03 3.074979330211874973e-01
1.028000000000000000e+03 3.410943933912976567e-01
1.032000000000000000e+03 3.753100924278075512e-01
1.036000000000000000e+03 4.054813451320067319e-01
1.040000000000000000e+03 4.253617081391051213e-01
1.044000000000000000e+03 4.336233734576083743e-01
1.048000000000000000e+03 4.267345461517202398e-01
1.052000000000000000e+03 4.092101967858751688e-01
1.056000000000000000e+03 3.823971944149850422e-01
1.060000000000000000e+03 3.524189063492496610e-01
1.064000000000000000e+03 3.237906816460474624e-01
1.068000000000000000e+03 2.987167615936492382e-01
1.072000000000000000e+03 2.793647349930332147e-01
1.076000000000000000e+03 2.662544599215201369e-01
1.080000000000000000e+03 2.585308426416013661e-01
1.084000000000000000e+03 2.561698929190895924e-01
1.088000000000000000e+03 2.600166812394554827e-01
1.092000000000000000e+03 2.696088896065483298e-01
1.096000000000000000e+03 2.844889774152414841e-01
1.100000000000000000e+03 3.051928361718344029e-01
1.104000000000000000e+03 3.324833510588992014e-01
1.108000000000000000e+03 3.651153605317601913e-01
1.112000000000000000e+03 4.025401226676799671e-01
1.116000000000000000e+03 4.409739530071497549e-01
1.120000000000000000e+03 4.772305650388632969e-01
1.124000000000000000e+03 5.068088032152461286e-01
1.128000000000000000e+03 5.254252849924030411e-01
1.132000000000000000e+03 5.303994500486960417e-01
1.136000000000000000e+03 5.230024449447829848e-01
1.140000000000000000e+03 5.034041302977648735e-01
1.144000000000000000e+03 4.739900176216941263e-01
1.148000000000000000e+03 4.406999876042034248e-01
1.152000000000000000e+03 4.070534961080392033e-01
1.156000000000000000e+03 3.746233460397065951e-01
1.160000000000000000e+03 3.474380946573678575e-01
1.164000000000000000e+03 3.239653643544814221e-01
1.168000000000000000e+03 3.071352348271804700e-01
1.172000000000000000e+03 2.942312742272530368e-01
1.176000000000000000e+03 2.868194362166506806e-01
1.180000000000000000e+03 2.830563574127190618e-01
1.184000000000000000e+03 2.844378279348950267e-01
1.188000000000000000e+03 2.895593516291293801e-01
1.192000000000000000e+03 2.989721090124748404e-01
1.196000000000000000e+03 3.132303495269830873e-01
1.200000000000000000e+03 3.314879582143311909e-01
1.204000000000000000e+03 3.560739635328818986e-01
1.208000000000000000e+03 3.845627310051802916e-01
1.212000000000000000e+03 4.178244834240101846e-01
1.216000000000000000e+03 4.546852766297327375e-01
1.220000000000000000e+03 4.939025423644550772e-01
1.224000000000000000e+03 5.327419605052434726e-01
1.228000000000000000e+03 5.669248699910627298e-01
1.232000000000000000e+03 5.950855461107883437e-01
1.236000000000000000e+03 6.132037222148766231e-01
1.240000000000000000e+03 6.205427101435925241e-01
1.244000000000000000e+03 6.157473497139084317e-01
1.248000000000000000e+03 5.995551733701753871e-01
1.252000000000000000e+03 5.733707580478684118e-01
1.256000000000000000e+03 5.421573162096310350e-01
1.260000000000000000e+03 5.074090942668219029e-01
1.264000000000000000e+03 4.718026870637468950e-01
1.268000000000000000e+03 4.382989426751803252e-01
1.272000000000000000e+03 4.080725921824831515e-01
1.276000000000000000e+03 3.813043387516316107e-01
1.280000000000000000e+03 3.591424662958032643e-01
1.284000000000000000e+03 3.407610653609381424e-01
1.288000000000000000e+03 3.265875114583224326e-01
1.292000000000000000e+03 3.164525162301940475e-01
1.296000000000000000e+03 3.092472148143608490e-01
1.300000000000000000e+03 3.046621457652962106e-01
1.304000000000000000e+03 3.032618805837593023e-01
1.308000000000000000e+03 3.055063101542314641e-01
1.312000000000000000e+03 3.108554422017149599e-01
1.316000000000000000e+03 3.189621727116034866e-01
1.320000000000000000e+03 3.294642903878185480e-01
1.324000000000000000e+03 3.439648621186277566e-01
1.328000000000000000e+03 3.614453417504495669e-01
1.332000000000000000e+03 3.832303170289179106e-01
1.336000000000000000e+03 4.079514853981079381e-01
1.340000000000000000e+03 4.369669083397749731e-01
1.344000000000000000e+03 4.694352305975634243e-01
1.348000000000000000e+03 5.034548549700371689e-01
1.352000000000000000e+03 5.396765923513843211e-01
1.356000000000000000e+03 5.765936949916939946e-01
1.360000000000000000e+03 6.119585368474388387e-01
1.364000000000000000e+03 6.429383113706249597e-01
1.368000000000000000e+03 6.681101458483792443e-01
1.372000000000000000e+03 6.863486477323854640e-01
1.376000000000000000e+03 6.958022151335655492e-01
1.380000000000000000e+03 6.957349753922439373e-01
1.384000000000000000e+03 6.868920480054813149e-01
1.388000000000000000e+03 6.702544398274928872e-01
1.392000000000000000e+03 6.457077697073019262e-01
1.396000000000000000e+03 6.166686718088774111e-01
1.400000000000000000e+03 5.840188135303552297e-01
1.404000000000000000e+03 5.512920111587965577e-01
1.408000000000000000e+03 5.187947959684149346e-01
1.412000000000000000e+03 4.870434175995236314e-01
1.416000000000000000e+03 4.580340462894156861e-01
1.420000000000000000e+03 4.317825115330255481e-01
1.424000000000000000e+03 4.092977341643436739e-01
1.428000000000000000e+03 3.884907042796135745e-01
1.432000000000000000e+03 3.717895186900180837e-01
1.436000000000000000e+03 3.569574141479841534e-01
1.440000000000000000e+03 3.453292126725810984e-01
1.444000000000000000e+03 3.358477162435423713e-01
1.448000000000000000e+03 3.289231641242544302e-01
1.452000000000000000e+03 3.239355847856947301e-01
1.456000000000000000e+03 3.207034525547592940e-01
1.460000000000000000e+03 3.201139479478309346e-01
1.464000000000000000e+03 3.206531790741144472e-01
1.468000000000000000e+03 3.237404039368474984e-01
1.472000000000000000e+03 3.280356764082484888e-01
1.476000000000000000e+03 3.348175083325692358e-01
1.480000000000000000e+03 3.437244224471723841e-01
1.484000000000000000e+03 3.539149869886331068e-01
1.488000000000000000e+03 3.665424960894867468e-01
1.492000000000000000e+03 3.816128694813196720e-01
1.496000000000000000e+03 3.995501759273332176e-01
1.500000000000000000e+03 4.188664961972446976e-01
1.504000000000000000e+03 4.405625639267913285e-01
1.508000000000000000e+03 4.658469496753742667e-01
1.512000000000000000e+03 4.927566839063807214e-01
1.516000000000000000e+03 5.207276840921801764e-01
1.520000000000000000e+03 5.517942031477611753e-01
1.524000000000000000e+03 5.832847937470675426e-01
1.528000000000000000e+03 6.150516440172605348e-01
1.532000000000000000e+03 6.463327798166746962e-01
1.536000000000000000e+03 6.751560751126391979e-01
1.540000000000000000e+03 7.015902251685938174e-01
1.544000000000000000e+03 7.242384030337586376e-01
1.548000000000000000e+03 7.416894414211917530e-01
1.552000000000000000e+03 7.534088225497912461e-01
1.556000000000000000e+03 7.592818636311717828e-01
1.560000000000000000e+03 7.579348595931298949e-01
1.564000000000000000e+03 7.506828756382775136e-01
1.568000000000000000e+03 7.376193236587713642e-01
1.572000000000000000e+03 7.191949265157405735e-01
1.576000000000000000e+03 6.972096782690617722e-01
1.580000000000000000e+03 6.711005455551599663e-01
1.584000000000000000e+03 6.435649233169354888e-01
1.588000000000000000e+03 6.151251725303695794e-01
1.592000000000000000e+03 5.867292071319126778e-01
1.596000000000000000e+03 5.578545651782774728e-01
1.600000000000000000e+03 5.311447110801061910e-01
1.604000000000000000e+03 5.058243295399454942e-01
1.608000000000000000e+03 4.815322238174218339e-01
1.612000000000000000e+03 4.600580293122023545e-01
1.616000000000000000e+03 4.406446036565320745e-01
1.620000000000000000e+03 4.227551572039952021e-01
1.624000000000000000e+03 4.061859160909213617e-01
1.628000000000000000e+03 3.922298163336139232e-01
1.632000000000000000e+03 3.798565381815406372e-01
1.636000000000000000e+03 3.689585094112418640e-01
1.640000000000000000e+03 3.598000012551211269e-01
1.644000000000000000e+03 3.518959691848281834e-01
1.648000000000000000e+03 3.450465139931251368e-01
1.652000000000000000e+03 3.407079607927158693e-01
1.656000000000000000e+03 3.368196209523607876e-01
1.660000000000000000e+03 3.340034032674706888e-01
1.664000000000000000e+03 3.324962014975086921e-01
1.668000000000000000e+03 3.320832821726344419e-01
1.672000000000000000e+03 3.326965278582393326e-01
1.676000000000000000e+03 3.344665461601345480e-01
1.680000000000000000e+03 3.369699773185017566e-01
1.684000000000000000e+03 3.413654270437518901e-01
1.688000000000000000e+03 3.468921513572948978e-01
1.692000000000000000e+03 3.527983065201579227e-01
1.696000000000000000e+03 3.603004163580929564e-01
1.700000000000000000e+03 3.687381691706250741e-01
1.704000000000000000e+03 3.791489483712512376e-01
1.708000000000000000e+03 3.902781140101288515e-01
1.712000000000000000e+03 4.018018557282049819e-01
1.716000000000000000e+03 4.162663144587913644e-01
1.720000000000000000e+03 4.317307886675246231e-01
1.724000000000000000e+03 4.481128732231047240e-01
1.728000000000000000e+03 4.661717778277521540e-01
1.732000000000000000e+03 4.853644304991553970e-01
1.736000000000000000e+03 5.059056015886034263e-01
1.740000000000000000e+03 5.280343090654849858e-01
1.744000000000000000e+03 5.511315620967447426e-01
1.748000000000000000e+03 5.755219431015511367e-01
1.752000000000000000e+03 6.009076002434999841e-01
1.756000000000000000e+03 6.260409412913562344e-01
1.760000000000000000e+03 6.518844210934717776e-01
1.764000000000000000e+03 6.767908775258549836e-01
1.768000000000000000e+03 7.016151118214584148e-01
1.772000000000000000e+03 7.250259661531596178e-01
1.776000000000000000e+03 7.460130981921883064e-01
1.780000000000000000e+03 7.644315798993868150e-01
1.784000000000000000e+03 7.805513948698930005e-01
1.788000000000000000e+03 7.928210870849735636e-01
1.792000000000000000e+03 8.019374610123680691e-01
1.796000000000000000e+03 8.066216889367299192e-01
1.800000000000000000e+03 8.084843569497447424e-01
1.804000000000000000e+03 8.050437965510107707e-01
1.808000000000000000e+03 7.990721890160688012e-01
1.812000000000000000e+03 7.887167601762733460e-01
1.816000000000000000e+03 7.746379439550586943e-01
1.820000000000000000e+03 7.590866490817185230e-01
1.824000000000000000e+03 7.401203617863157946e-01
1.828000000000000000e+03 7.198534524318854766e-01
1.832000000000000000e+03 6.981837199846003816e-01
1.836000000000000000e+03 6.753768913569649923e-01
1.840000000000000000e+03 6.526384635598614370e-01
1.844000000000000000e+03 6.296890720247503292e-01
1.848000000000000000e+03 6.067861699841520240e-01
1.852000000000000000e+03 5.845331217205648189e-01
1.856000000000000000e+03 5.635849333774879399e-01
1.860000000000000000e+03 5.431828915587838535e-01
1.864000000000000000e+03 5.240282348531390966e-01
1.868000000000000000e+03 5.050830141222967251e-01
1.872000000000000000e+03 4.873622331104584537e-01
1.876000000000000000e+03 4.718206488714520863e-01
1.880000000000000000e+03 4.570030031507328339e-01
1.884000000000000000e+03 4.425619248357465230e-01
1.888000000000000000e+03 4.299837239878962492e-01
1.892000000000000000e+03 4.179282245334433044e-01
1.896000000000000000e+03 4.075333714268846719e-01
1.900000000000000000e+03 3.976121153314360335e-01
1.904000000000000000e+03 3.885218790193040728e-01
1.908000000000000000e+03 3.813005695680848905e-01
1.912000000000000000e+03 3.737383651623997216e-01
1.916000000000000000e+03 3.671751104622110740e-01
1.920000000000000000e+03 3.618826724150955854e-01
1.924000000000000000e+03 3.568475040063226467e-01
1.928000000000000000e+03 3.523938139887521914e-01
1.932000000000000000e+03 3.495765592085541829e-01
1.936000000000000000e+03 3.466856918358099393e-01
1.940000000000000000e+03 3.441984130876850068e-01
1.944000000000000000e+03 3.428575288853817904e-01
1.948000000000000000e+03 3.416125512574186285e-01
1.952000000000000000e+03 3.412311484826588970e-01
1.956000000000000000e+03 3.412325031148402688e-01
1.960000000000000000e+03 3.420481419698078729e-01
1.964000000000000000e+03 3.431164515018041428e-01
1.968000000000000000e+03 3.452039300372202746e-01
1.972000000000000000e+03 3.480814098925927302e-01
1.976000000000000000e+03 3.510364338591437927e-01
1.980000000000000000e+03 3.547593997148631439e-01
1.984000000000000000e+03 3.586898576564946928e-01
1.988000000000000000e+03 3.632354214431922634e-01
1.992000000000000000e+03 3.689824537626351098e-01
1.996000000000000000e+03 3.749016606065564972e-01
2.000000000000000000e+03 3.808448687529635279e-01
2.004000000000000000e+03 3.882140719915700977e-01
2.008000000000000000e+03 3.962909744176504323e-01
2.012000000000000000e+03 4.050067776846378864e-01
2.016000000000000000e+03 4.137702442476801079e-01
2.020000000000000000e+03 4.239618577179326553e-01
2.024000000000000000e+03 4.347510995705332615e-01
2.028000000000000000e+03 4.460394381024288535e-01
2.032000000000000000e+03 4.576419190996220965e-01
2.036000000000000000e+03 4.704055948392374398e-01
2.040000000000000000e+03 4.836115661812068200e-01
2.044000000000000000e+03 4.984135429188542021e-01
2.048000000000000000e+03 5.132497824053259272e-01
2.052000000000000000e+03 5.284614537684834135e-01
2.056000000000000000e+03 5.454565820407711874e-01
2.060000000000000000e+03 5.620590113273831179e-01
2.064000000000000000e+03 5.798499038207555190e-01
2.068000000000000000e+03 5.972011510537794665e-01
2.072000000000000000e+03 6.157840168692616523e-01
2.076000000000000000e+03 6.342798423657708407e-01
2.080000000000000000e+03 6.533786771604397359e-01
2.084000000000000000e+03 6.724738475464847598e-01
2.088000000000000000e+03 6.913558129840103872e-01
2.092000000000000000e+03 7.103255633290984639e-01
2.096000000000000000e+03 7.280683998707994098e-01
2.100000000000000000e+03 7.458890535616864437e-01
2.104000000000000000e+03 7.624223590097277681e-01
2.108000000000000000e+03 7.780969925039994406e-01
2.112000000000000000e+03 7.922441638214666737e-01
2.116000000000000000e+03 8.059468060661318933e-01
2.120000000000000000e+03 8.167163874510755539e-01
2.124000000000000000e+03 8.258781482964471232e-01
2.128000000000000000e+03 8.336798046798638007e-01
2.132000000000000000e+03 8.396753616510922447e-01
2.136000000000000000e+03 8.435918443826893043e-01
2.140000000000000000e+03 8.443103045487888592e-01
2.144000000000000000e+03 8.435903160391093891e-01
2.148000000000000000e+03 8.409775664821037555e-01
2.152000000000000000e+03 8.366908303162730043e-01
2.156000000000000000e+03 8.300999721460474712e-01
2.160000000000000000e+03 8.215167243672317765e-01
2.164000000000000000e+03 8.110489819896514740e-01
2.168000000000000000e+03 7.993585588613469906e-01
2.172000000000000000e+03 7.871190582716163231e-01
2.176000000000000000e+03 7.734272217809873284e-01
2.180000000000000000e+03 7.586870882556581153e-01
2.184000000000000000e+03 7.422477591965310761e-01
2.188000000000000000e+03 7.265740167257013216e-01
2.192000000000000000e+03 7.103444279408558382e-01
2.196000000000000000e+03 6.930639780787160031e-01
