6.000000000000000000e+02 4.486722012873756160e-03
6.040000000000000000e+02 6.198392228308622492e-03
6.080000000000000000e+02 6.764722563339207670e-03
6.120000000000000000e+02 8.739161696545453759e-03
6.160000000000000000e+02 1.015511578383081204e-02
6.200000000000000000e+02 1.208484323820959577e-02
6.240000000000000000e+02 1.465397029797445121e-02
6.280000000000000000e+02 1.615577983555614022e-02
6.320000000000000000e+02 1.958951211243213295e-02
6.360000000000000000e+02 2.216469265299716995e-02
6.400000000000000000e+02 2.521940075656421698e-02
6.440000000000000000e+02 2.838533198445489236e-02
6.480000000000000000e+02 3.234751088430473653e-02
6.520000000000000000e+02 3.631808023247951045e-02
6.560000000000000000e+02 3.950270605267866553e-02
6.600000000000000000e+02 4.364679076091258075e-02
6.640000000000000000e+02 4.823419093571289923e-02
6.680000000000000000e+02 5.281686341493260772e-02
6.720000000000000000e+02 5.852245864806987496e-02
6.760000000000000000e+02 6.324004799503739338e-02
6.800000000000000000e+02 6.807914245428429989e-02
6.840000000000000000e+02 7.294257632132301883e-02
6.880000000000000000e+02 7.790585992205037447e-02
6.920000000000000000e+02 8.450636935837604891e-02
6.960000000000000000e+02 9.062650427293110489e-02
7.000000000000000000e+02 9.670706618900981599e-02
7.040000000000000000e+02 1.036275963902100056e-01
7.080000000000000000e+02 1.088032113297628389e-01
7.120000000000000000e+02 1.141245815815990911e-01
7.160000000000000000e+02 1.200716431140799595e-01
7.200000000000000000e+02 1.253170348227135855e-01
7.240000000000000000e+02 1.322895104883961559e-01
7.280000000000000000e+02 1.387479018182236346e-01
7.320000000000000000e+02 1.457287179925928489e-01
7.360000000000000000e+02 1.521339721348159979e-01
7.400000000000000000e+02 1.581338315423407581e-01
7.440000000000000000e+02 1.645577395111194607e-01
7.480000000000000000e+02 1.705507160023578273e-01
7.520000000000000000e+02 1.764928159073221314e-01
7.560000000000000000e+02 1.830150510508480322e-01
7.600000000000000000e+02 1.894414771032669753e-01
7.640000000000000000e+02 1.955758093220558991e-01
7.680000000000000000e+02 2.010748285549373293e-01
7.720000000000000000e+02 2.053895404937087221e-01
7.760000000000000000e+02 2.103241559348211498e-01
7.800000000000000000e+02 2.156444206156605814e-01
7.840000000000000000e+02 2.222537113133892239e-01
7.880000000000000000e+02 2.300034522750212529e-01
7.920000000000000000e+02 2.380180649114378433e-01
7.960000000000000000e+02 2.451644103871019331e-01
8.000000000000000000e+02 2.519848327427817725e-01
8.040000000000000000e+02 2.569247977361666102e-01
8.080000000000000000e+02 2.617286865548617558e-01
8.120000000000000000e+02 2.641634484526129145e-01
8.160000000000000000e+02 2.658546063726819897e-01
8.200000000000000000e+02 2.656892478874395280e-01
8.240000000000000000e+02 2.669565204597951213e-01
8.280000000000000000e+02 2.720903018111295313e-01
8.320000000000000000e+02 2.798060837934190359e-01
8.360000000000000000e+02 2.906776249359655506e-01
8.400000000000000000e+02 3.015300105330870339e-01
8.440000000000000000e+02 3.106940798958972016e-01
8.480000000000000000e+02 3.192424186868781377e-01
8.520000000000000000e+02 3.264039917134071711e-01
8.560000000000000000e+02 3.306791640452634851e-01
8.600000000000000000e+02 3.331297274662151642e-01
8.640000000000000000e+02 3.324418796448310731e-01
8.680000000000000000e+02 3.294576026461696339e-01
8.720000000000000000e+02 3.242513998877494807e-01
8.760000000000000000e+02 3.183500179574475508e-01
8.800000000000000000e+02 3.145250060273550585e-01
8.840000000000000000e+02 3.172222749165095057e-01
8.880000000000000000e+02 3.252565203782907255e-01
8.920000000000000000e+02 3.387697030636762641e-01
8.960000000000000000e+02 3.543539360320324683e-01
9.000000000000000000e+02 3.683580766426514108e-01
9.040000000000000000e+02 3.813510222007319705e-01
9.080000000000000000e+02 3.910052837368895862e-01
9.120000000000000000e+02 3.993624745734255521e-01
9.160000000000000000e+02 4.040598590985192140e-01
9.200000000000000000e+02 4.065320850048966261e-01
9.240000000000000000e+02 4.056037691666899980e-01
9.280000000000000000e+02 4.018837489875911606e-01
9.320000000000000000e+02 3.938011400027692233e-01
9.360000000000000000e+02 3.824337524255552179e-01
9.400000000000000000e+02 3.696455312024470863e-01
9.440000000000000000e+02 3.580286391694584847e-01
9.480000000000000000e+02 3.499931651935334065e-01
9.520000000000000000e+02 3.497492613348120449e-01
9.560000000000000000e+02 3.567850538562415963e-01
9.600000000000000000e+02 3.706691614045382055e-01
9.640000000000000000e+02 3.883243108701678881e-01
9.680000000000000000e+02 4.086528074489917950e-01
9.720000000000000000e+02 4.273494436810354458e-01
9.760000000000000000e+02 4.433072244118355099e-01
9.800000000000000000e+02 4.572793366130805670e-01
9.840000000000000000e+02 4.674866773590733438e-01
9.880000000000000000e+02 4.742993390781656271e-01
9.920000000000000000e+02 4.794343224857962049e-01
9.960000000000000000e+02 4.804559891129027149e-01
1.000000000000000000e+03 4.776241055927927803e-01
1.004000000000000000e+03 4.718773356670716290e-01
1.008000000000000000e+03 4.623413356010416253e-01
1.012000000000000000e+03 4.481466257070498838e-01
1.016000000000000000e+03 4.319112339198434847e-01
1.020000000000000000e+03 4.132921897032201808e-01
1.024000000000000000e+03 3.959410343517545394e-01
1.028000000000000000e+03 3.817381999167893669e-01
1.032000000000000000e+03 3.734676909503326647e-01
1.036000000000000000e+03 3.709167140458402567e-01
1.040000000000000000e+03 3.764238966989149060e-01
1.044000000000000000e+03 3.869394048549754106e-01
1.048000000000000000e+03 4.038361134625725879e-01
1.052000000000000000e+03 4.248929640661736618e-01
1.056000000000000000e+03 4.462460319432003941e-01
1.060000000000000000e+03 4.690552531225329891e-01
1.064000000000000000e+03 4.892096608565612570e-01
1.068000000000000000e+03 5.071923087021571463e-01
1.072000000000000000e+03 5.230329867583155545e-01
1.076000000000000000e+03 5.347781825502166964e-01
1.080000000000000000e+03 5.431889744120309560e-01
1.084000000000000000e+03 5.482224033135356667e-01
1.088000000000000000e+03 5.507358627097403980e-01
1.092000000000000000e+03 5.494230155005488392e-01
1.096000000000000000e+03 5.455668571209827400e-01
1.100000000000000000e+03 5.375571570543297151e-01
1.104000000000000000e+03 5.258530349901793244e-01
1.108000000000000000e+03 5.104326818172828517e-01
1.112000000000000000e+03 4.918720625681486935e-01
1.116000000000000000e+03 4.713037009419774326e-01
1.120000000000000000e+03 4.503202800539258255e-01
1.124000000000000000e+03 4.292235100288405159e-01
1.128000000000000000e+03 4.117728867485477284e-01
1.132000000000000000e+03 3.972518300680280556e-01
1.136000000000000000e+03 3.878408634641278829e-01
1.140000000000000000e+03 3.837584049740311309e-01
1.144000000000000000e+03 3.842663301366515127e-01
1.148000000000000000e+03 3.899239779916333637e-01
1.152000000000000000e+03 4.002666177530142533e-01
1.156000000000000000e+03 4.148162767556066721e-01
1.160000000000000000e+03 4.341926861379105662e-01
1.164000000000000000e+03 4.548000986759833109e-01
1.168000000000000000e+03 4.779809899164940701e-01
1.172000000000000000e+03 5.015190530238144984e-01
1.176000000000000000e+03 5.242979968729527540e-01
1.180000000000000000e+03 5.454225464398034795e-01
1.184000000000000000e+03 5.640152111107341604e-01
1.188000000000000000e+03 5.798069900270285126e-01
1.192000000000000000e+03 5.938145789901240201e-01
1.196000000000000000e+03 6.042283818369628134e-01
1.200000000000000000e+03 6.117773506198139755e-01
1.204000000000000000e+03 6.158205205448428199e-01
1.208000000000000000e+03 6.167635419903808591e-01
1.212000000000000000e+03 6.155988718493603518e-01
1.216000000000000000e+03 6.106929167699393091e-01
1.220000000000000000e+03 6.024851845591631117e-01
1.224000000000000000e+03 5.915542639912233502e-01
1.228000000000000000e+03 5.775121478656869423e-01
1.232000000000000000e+03 5.601708572826692434e-01
1.236000000000000000e+03 5.411587076167202470e-01
1.240000000000000000e+03 5.198832240222667211e-01
1.244000000000000000e+03 4.977824938474932348e-01
1.248000000000000000e+03 4.762472507630871044e-01
1.252000000000000000e+03 4.562191386228662826e-01
1.256000000000000000e+03 4.379229980427614688e-01
1.260000000000000000e+03 4.220837321763147298e-01
1.264000000000000000e+03 4.089189373722658116e-01
1.268000000000000000e+03 3.985460928195234676e-01
1.272000000000000000e+03 3.923819486790734445e-01
1.276000000000000000e+03 3.892201544662674539e-01
1.280000000000000000e+03 3.896853570026337366e-01
1.284000000000000000e+03 3.927057669012109509e-01
1.288000000000000000e+03 3.988871837964695910e-01
1.292000000000000000e+03 4.089519402956532934e-01
1.296000000000000000e+03 4.217083300248211097e-01
1.300000000000000000e+03 4.365819592361390167e-01
1.304000000000000000e+03 4.543759611394980746e-01
1.308000000000000000e+03 4.736460314640142388e-01
1.312000000000000000e+03 4.948738820126440952e-01
1.316000000000000000e+03 5.167296656823213707e-01
1.320000000000000000e+03 5.389521223630457936e-01
1.324000000000000000e+03 5.611547906705703914e-01
1.328000000000000000e+03 5.820092834711289020e-01
1.332000000000000000e+03 6.008774986454801237e-01
1.336000000000000000e+03 6.187302358945240277e-01
1.340000000000000000e+03 6.345452223332116448e-01
1.344000000000000000e+03 6.476429405609435141e-01
1.348000000000000000e+03 6.590441448938704205e-01
1.352000000000000000e+03 6.669772605182293645e-01
1.356000000000000000e+03 6.732473027944732014e-01
1.360000000000000000e+03 6.764664407515259548e-01
1.364000000000000000e+03 6.774643985268434809e-01
1.368000000000000000e+03 6.756095634545398187e-01
1.372000000000000000e+03 6.720184047709749642e-01
1.376000000000000000e+03 6.651214264277781618e-01
1.380000000000000000e+03 6.559476226866229887e-01
1.384000000000000000e+03 6.435606831046370990e-01
1.388000000000000000e+03 6.296638596657050391e-01
1.392000000000000000e+03 6.133763659645319333e-01
1.396000000000000000e+03 5.961964503938521620e-01
1.400000000000000000e+03 5.770746720579114086e-01
1.404000000000000000e+03 5.570167417781082264e-01
1.408000000000000000e+03 5.359471561788772265e-01
1.412000000000000000e+03 5.157314141063504831e-01
1.416000000000000000e+03 4.960628618060151651e-01
1.420000000000000000e+03 4.776555975261352338e-01
1.424000000000000000e+03 4.608348575767782229e-01
1.428000000000000000e+03 4.455103350894151770e-01
1.432000000000000000e+03 4.314149758576690807e-01
1.436000000000000000e+03 4.197124496187794040e-01
1.440000000000000000e+03 4.100041207828670209e-01
1.444000000000000000e+03 4.020780698555474486e-01
1.448000000000000000e+03 3.969686470384901078e-01
1.452000000000000000e+03 3.926646922290027986e-01
1.456000000000000000e+03 3.908693670172320167e-01
1.460000000000000000e+03 3.912581646759738518e-01
1.464000000000000000e+03 3.922436509153475748e-01
1.468000000000000000e+03 3.957548967090447900e-01
1.472000000000000000e+03 4.015966308671357066e-01
1.476000000000000000e+03 4.087394502955579711e-01
1.480000000000000000e+03 4.176180553456910194e-01
1.484000000000000000e+03 4.271138882255872127e-01
1.488000000000000000e+03 4.396849055827254937e-01
1.492000000000000000e+03 4.533689552074720575e-01
1.496000000000000000e+03 4.677367522617414952e-01
1.500000000000000000e+03 4.841868217739324631e-01
1.504000000000000000e+03 5.015809456440484260e-01
1.508000000000000000e+03 5.201422240005694198e-01
1.512000000000000000e+03 5.390327145525785069e-01
1.516000000000000000e+03 5.586544264850732411e-01
1.520000000000000000e+03 5.775341604161781106e-01
1.524000000000000000e+03 5.978165946703213329e-01
1.528000000000000000e+03 6.163013200169673578e-01
1.532000000000000000e+03 6.339516899728286914e-01
1.536000000000000000e+03 6.512316793454570041e-01
1.540000000000000000e+03 6.669271274174564113e-01
1.544000000000000000e+03 6.810134443542111837e-01
1.548000000000000000e+03 6.941097974317446129e-01
1.552000000000000000e+03 7.048540153139712938e-01
1.556000000000000000e+03 7.147153473297945814e-01
1.560000000000000000e+03 7.223471484929532282e-01
1.564000000000000000e+03 7.273120440716202006e-01
1.568000000000000000e+03 7.310418851686930619e-01
1.572000000000000000e+03 7.327728436804503698e-01
1.576000000000000000e+03 7.326494940856627114e-01
1.580000000000000000e+03 7.299758739435577848e-01
1.584000000000000000e+03 7.260295154253236793e-01
1.588000000000000000e+03 7.205441917502080074e-01
1.592000000000000000e+03 7.128993518895663239e-01
1.596000000000000000e+03 7.035850619903221137e-01
1.600000000000000000e+03 6.917246404757141365e-01
1.604000000000000000e+03 6.790023286642262734e-01
1.608000000000000000e+03 6.656009106583107293e-01
1.612000000000000000e+03 6.497204363114509329e-01
1.616000000000000000e+03 6.334421855343376206e-01
1.620000000000000000e+03 6.165326203792239612e-01
1.624000000000000000e+03 5.993231149712762162e-01
1.628000000000000000e+03 5.815005195563140994e-01
1.632000000000000000e+03 5.642474959524981237e-01
1.636000000000000000e+03 5.469587469491278275e-01
1.640000000000000000e+03 5.299865913926647965e-01
1.644000000000000000e+03 5.140707275903610984e-01
1.648000000000000000e+03 4.984723186568649766e-01
1.652000000000000000e+03 4.839929020996016074e-01
1.656000000000000000e+03 4.699827346816641827e-01
1.660000000000000000e+03 4.576433993719082327e-01
1.664000000000000000e+03 4.459167102172106323e-01
1.668000000000000000e+03 4.359121199957269321e-01
1.672000000000000000e+03 4.269271642243569476e-01
1.676000000000000000e+03 4.183632581740963641e-01
1.680000000000000000e+03 4.116246404178064977e-01
1.684000000000000000e+03 4.053642870983737989e-01
1.688000000000000000e+03 4.004629911747992210e-01
1.692000000000000000e+03 3.964378552800360000e-01
1.696000000000000000e+03 3.938563993480073688e-01
1.700000000000000000e+03 3.914396871548506129e-01
1.704000000000000000e+03 3.911772696897723445e-01
1.708000000000000000e+03 3.904417692032311482e-01
1.712000000000000000e+03 3.912710914447442012e-01
1.716000000000000000e+03 3.925770656151439386e-01
1.720000000000000000e+03 3.955674253740610880e-01
1.724000000000000000e+03 3.983913479052297868e-01
1.728000000000000000e+03 4.032139864858176881e-01
1.732000000000000000e+03 4.084596809922204086e-01
1.736000000000000000e+03 4.145034286870210027e-01
1.740000000000000000e+03 4.213186979139910693e-01
1.744000000000000000e+03 4.282719771714899037e-01
1.748000000000000000e+03 4.373852006790760472e-01
1.752000000000000000e+03 4.464017021589710699e-01
1.756000000000000000e+03 4.564096896190368846e-01
1.760000000000000000e+03 4.671886118112079656e-01
1.764000000000000000e+03 4.793530737351764937e-01
1.768000000000000000e+03 4.917500315502472685e-01
1.772000000000000000e+03 5.048555496001965182e-01
1.776000000000000000e+03 5.183856978969849649e-01
1.780000000000000000e+03 5.327190868483078212e-01
1.784000000000000000e+03 5.482011907683438379e-01
1.788000000000000000e+03 5.632819180176038554e-01
1.792000000000000000e+03 5.781596931484472845e-01
1.796000000000000000e+03 5.939860941953288842e-01
1.800000000000000000e+03 6.103782801685369019e-01
1.804000000000000000e+03 6.262645646515474507e-01
1.808000000000000000e+03 6.419789294718889483e-01
1.812000000000000000e+03 6.569847298653027634e-01
1.816000000000000000e+03 6.718734066723041076e-01
1.820000000000000000e+03 6.862491178157726912e-01
1.824000000000000000e+03 6.990877458009299161e-01
1.828000000000000000e+03 7.119795324855743290e-01
1.832000000000000000e+03 7.236953186449351927e-01
1.836000000000000000e+03 7.353541546041196808e-01
1.840000000000000000e+03 7.453312950554394911e-01
1.844000000000000000e+03 7.542516636392345708e-01
1.848000000000000000e+03 7.613366779977948084e-01
1.852000000000000000e+03 7.685592058630470458e-01
1.856000000000000000e+03 7.735765322614570616e-01
1.860000000000000000e+03 7.772904844709394023e-01
1.864000000000000000e+03 7.803029561714386331e-01
1.868000000000000000e+03 7.821339508576360400e-01
1.872000000000000000e+03 7.819072524385256573e-01
1.876000000000000000e+03 7.811334197586198291e-01
1.880000000000000000e+03 7.790925716868347672e-01
1.884000000000000000e+03 7.753804994609283519e-01
1.888000000000000000e+03 7.711799064602220533e-01
1.892000000000000000e+03 7.653833388114691383e-01
1.896000000000000000e+03 7.580508933264701321e-01
1.900000000000000000e+03 7.505630785685034612e-01
1.904000000000000000e+03 7.413555462218925918e-01
1.908000000000000000e+03 7.311150110643781508e-01
1.912000000000000000e+03 7.205187563894049907e-01
1.916000000000000000e+03 7.087809912600808726e-01
1.920000000000000000e+03 6.970608954217729636e-01
1.924000000000000000e+03 6.845354120233601014e-01
1.928000000000000000e+03 6.705625169753978154e-01
1.932000000000000000e+03 6.569817902554853095e-01
1.936000000000000000e+03 6.431908227345997098e-01
1.940000000000000000e+03 6.296007302047996745e-01
1.944000000000000000e+03 6.153804087770297082e-01
1.948000000000000000e+03 6.014785505608595262e-01
1.952000000000000000e+03 5.882507223716013645e-01
1.956000000000000000e+03 5.739442444198946669e-01
1.960000000000000000e+03 5.607444499218430245e-01
1.964000000000000000e+03 5.477049760106299514e-01
1.968000000000000000e+03 5.359275798798555090e-01
1.972000000000000000e+03 5.235082941872557516e-01
1.976000000000000000e+03 5.118716067126565239e-01
1.980000000000000000e+03 5.012285863393971530e-01
1.984000000000000000e+03 4.904713239948404468e-01
1.988000000000000000e+03 4.803696186592630868e-01
1.992000000000000000e+03 4.713893845457296505e-01
1.996000000000000000e+03 4.618681082022711992e-01
2.000000000000000000e+03 4.535279322740309871e-01
2.004000000000000000e+03 4.462502169301262311e-01
2.008000000000000000e+03 4.386761926659664690e-01
2.012000000000000000e+03 4.328051334520909843e-01
2.016000000000000000e+03 4.265545222138441006e-01
2.020000000000000000e+03 4.205935361070401446e-01
2.024000000000000000e+03 4.154537281254140346e-01
2.028000000000000000e+03 4.106936735462458632e-01
2.032000000000000000e+03 4.071646583481906001e-01
2.036000000000000000e+03 4.034451348444356711e-01
2.040000000000000000e+03 3.996732256299002639e-01
2.044000000000000000e+03 3.972796749223153623e-01
2.048000000000000000e+03 3.951639768887910131e-01
2.052000000000000000e+03 3.927058462311313614e-01
2.056000000000000000e+03 3.913318930488911551e-01
2.060000000000000000e+03 3.903916005257807575e-01
2.064000000000000000e+03 3.892586529638242809e-01
2.068000000000000000e+03 3.891085359079569650e-01
2.072000000000000000e+03 3.894616045712410712e-01
2.076000000000000000e+03 3.904739864645818681e-01
2.080000000000000000e+03 3.909761006322521326e-01
2.084000000000000000e+03 3.919192189369705703e-01
2.088000000000000000e+03 3.937036702184165682e-01
2.092000000000000000e+03 3.957657733075399253e-01
2.096000000000000000e+03 3.985347139991697873e-01
2.100000000000000000e+03 4.005858454539357183e-01
2.104000000000000000e+03 4.041104592646553861e-01
2.108000000000000000e+03 4.070409720919304086e-01
2.112000000000000000e+03 4.115128432107619250e-01
2.116000000000000000e+03 4.148835999839821653e-01
2.120000000000000000e+03 4.194311290850130658e-01
2.124000000000000000e+03 4.251808550394299835e-01
2.128000000000000000e+03 4.303287077178292730e-01
2.132000000000000000e+03 4.361309848791316557e-01
2.136000000000000000e+03 4.416460424549137342e-01
2.140000000000000000e+03 4.482472064755900765e-01
2.144000000000000000e+03 4.546594056185936372e-01
2.148000000000000000e+03 4.625672086027807772e-01
2.152000000000000000e+03 4.694639434221865582e-01
2.156000000000000000e+03 4.773044054473931652e-01
2.160000000000000000e+03 4.857557616403245793e-01
2.164000000000000000e+03 4.943542725107578639e-01
2.168000000000000000e+03 5.032138662834552134e-01
2.172000000000000000e+03 5.122326090679727439e-01
2.176000000000000000e+03 5.221771000288482067e-01
2.180000000000000000e+03 5.320942426427219818e-01
2.184000000000000000e+03 5.423821349551158910e-01
2.188000000000000000e+03 5.526192041707905789e-01
2.192000000000000000e+03 5.628301251954327400e-01
2.196000000000000000e+03 5.738832754217950693e-01
