6.000000000000000000e+02 8.666581572917068628e-04
6.040000000000000000e+02 8.759873456137476366e-05
6.080000000000000000e+02 5.414293571438580626e-04
6.120000000000000000e+02 9.206027962350772946e-04
6.160000000000000000e+02 3.885274847373867881e-04
6.200000000000000000e+02 6.896420002513094661e-04
6.240000000000000000e+02 1.937051084850117076e-04
6.280000000000000000e+02 7.182506515557740990e-04
6.320000000000000000e+02 1.368483227679250869e-04
6.360000000000000000e+02 4.558360049200612025e-04
6.400000000000000000e+02 6.668925248408178168e-04
6.440000000000000000e+02 8.332309757512585627e-04
6.480000000000000000e+02 7.827180979039822942e-04
6.520000000000000000e+02 9.158107183850834913e-04
6.560000000000000000e+02 9.853239705858909264e-04
6.600000000000000000e+02 3.974908081488242998e-04
6.640000000000000000e+02 6.860657593130258924e-04
6.680000000000000000e+02 5.506411569999292675e-04
6.720000000000000000e+02 5.993170215995280827e-04
6.760000000000000000e+02 9.198834788679665763e-04
6.800000000000000000e+02 8.286788050358541782e-04
6.840000000000000000e+02 7.851229152271506535e-04
6.880000000000000000e+02 1.054683176659690835e-03
6.920000000000000000e+02 7.484309627715070648e-04
6.960000000000000000e+02 1.246556046247652635e-03
7.000000000000000000e+02 1.313736408855649017e-03
7.040000000000000000e+02 2.082120414470357145e-03
7.080000000000000000e+02 2.462850797975037111e-03
7.120000000000000000e+02 3.692039901455989974e-03
7.160000000000000000e+02 4.113589537906236007e-03
7.200000000000000000e+02 5.192299179618149393e-03
7.240000000000000000e+02 6.151309380188047481e-03
7.280000000000000000e+02 6.723680806151703659e-03
7.320000000000000000e+02 7.841525266406893305e-03
7.360000000000000000e+02 9.127595595010274190e-03
7.400000000000000000e+02 1.102827286467146853e-02
7.440000000000000000e+02 1.263014296513000588e-02
7.480000000000000000e+02 1.524809425777811679e-02
7.520000000000000000e+02 1.744432461245674221e-02
7.560000000000000000e+02 1.975666899414267597e-02
7.600000000000000000e+02 2.187226120467435433e-02
7.640000000000000000e+02 2.497707730776852972e-02
7.680000000000000000e+02 2.786520349509933117e-02
7.720000000000000000e+02 3.072044269299304201e-02
7.760000000000000000e+02 3.414685862518427456e-02
7.800000000000000000e+02 3.759658127716552362e-02
7.840000000000000000e+02 4.164838641966944754e-02
7.880000000000000000e+02 4.552811353173313175e-02
7.920000000000000000e+02 5.066198074912833804e-02
7.960000000000000000e+02 5.626574187232904339e-02
8.000000000000000000e+02 6.133802779707299424e-02
8.040000000000000000e+02 6.682520286685963984e-02
8.080000000000000000e+02 7.119492942446693784e-02
8.120000000000000000e+02 7.519912549809840141e-02
8.160000000000000000e+02 7.913376295037496955e-02
8.200000000000000000e+02 8.204461699723376855e-02
8.240000000000000000e+02 8.563321661562138531e-02
8.280000000000000000e+02 9.013186523506361292e-02
8.320000000000000000e+02 9.555340753926504227e-02
8.360000000000000000e+02 1.020551251766992074e-01
8.400000000000000000e+02 1.105762606179556268e-01
8.440000000000000000e+02 1.195186637542699770e-01
8.480000000000000000e+02 1.294579034207874180e-01
8.520000000000000000e+02 1.394549143412762982e-01
8.560000000000000000e+02 1.478123693104933245e-01
8.600000000000000000e+02 1.545912860620315687e-01
8.640000000000000000e+02 1.581903150610107500e-01
8.680000000000000000e+02 1.599984450233892519e-01
8.720000000000000000e+02 1.609429731580463152e-01
8.760000000000000000e+02 1.598120131786663067e-01
8.800000000000000000e+02 1.595382299186980934e-01
8.840000000000000000e+02 1.603524736054381117e-01
8.880000000000000000e+02 1.636170236447396509e-01
8.920000000000000000e+02 1.691668280774604738e-01
8.960000000000000000e+02 1.778916628163535185e-01
9.000000000000000000e+02 1.893457075715400117e-01
9.040000000000000000e+02 2.036745873121433292e-01
9.080000000000000000e+02 2.204565386469619359e-01
9.120000000000000000e+02 2.365689475498506389e-01
9.160000000000000000e+02 2.525955666614632666e-01
9.200000000000000000e+02 2.662092449372651659e-01
9.240000000000000000e+02 2.743333039480813640e-01
9.280000000000000000e+02 2.777998707563184011e-01
9.320000000000000000e+02 2.758862911531784756e-01
9.360000000000000000e+02 2.707294119100583929e-01
9.400000000000000000e+02 2.617886540902532588e-01
9.440000000000000000e+02 2.535904721925735239e-01
9.480000000000000000e+02 2.454341753770148127e-01
9.520000000000000000e+02 2.399181477013472286e-01
9.560000000000000000e+02 2.370938160745167667e-01
9.600000000000000000e+02 2.376311396348822214e-01
9.640000000000000000e+02 2.429422126512785773e-01
9.680000000000000000e+02 2.509656039339707156e-01
9.720000000000000000e+02 2.641784326259803417e-01
9.760000000000000000e+02 2.804526712606735250e-01
9.800000000000000000e+02 3.008944327999403812e-01
9.840000000000000000e+02 3.242490321100373052e-01
9.880000000000000000e+02 3.480413050128275954e-01
9.920000000000000000e+02 3.710310163435028841e-01
9.960000000000000000e+02 3.914410608114733958e-01
1.000000000000000000e+03 4.071016119581599146e-01
1.004000000000000000e+03 4.145339973155882096e-01
1.008000000000000000e+03 4.155121062968746282e-01
1.012000000000000000e+03 4.085248001486386227e-01
1.016000000000000000e+03 3.958613037689149294e-01
1.020000000000000000e+03 3.796229926323369530e-01
1.024000000000000000e+03 3.613590362920498511e-01
1.028000000000000000e+03 3.435677138638275618e-01
1.032000000000000000e+03 3.282057862580331498e-01
1.036000000000000000e+03 3.153712149139784038e-01
1.040000000000000000e+03 3.066702029275095165e-01
1.044000000000000000e+03 3.012709390101163676e-01
1.048000000000000000e+03 2.991628411072934646e-01
1.052000000000000000e+03 3.026094246548757805e-01
1.056000000000000000e+03 3.085146165431943421e-01
1.060000000000000000e+03 3.199096806063881360e-01
1.064000000000000000e+03 3.349716128749867239e-01
1.068000000000000000e+03 3.530575041207767439e-01
1.072000000000000000e+03 3.761333480115063299e-01
1.076000000000000000e+03 4.026536184495492776e-01
1.080000000000000000e+03 4.307202538724388408e-01
1.084000000000000000e+03 4.602182726011146419e-01
1.088000000000000000e+03 4.891141200600956362e-01
1.092000000000000000e+03 5.140916696914419326e-01
1.096000000000000000e+03 5.342804241280184607e-01
1.100000000000000000e+03 5.467933666304425344e-01
1.104000000000000000e+03 5.504115797881644623e-01
1.108000000000000000e+03 5.457687614838663270e-01
1.112000000000000000e+03 5.339598264048183163e-01
1.116000000000000000e+03 5.165399322237357316e-01
1.120000000000000000e+03 4.934892519482786954e-01
1.124000000000000000e+03 4.691814211213193309e-01
1.128000000000000000e+03 4.446720289897446721e-01
1.132000000000000000e+03 4.218902706324067498e-01
1.136000000000000000e+03 4.007561023463835359e-01
1.140000000000000000e+03 3.835025660570321460e-01
1.144000000000000000e+03 3.686216783239667505e-01
1.148000000000000000e+03 3.574514754918909354e-01
1.152000000000000000e+03 3.503751619188989475e-01
1.156000000000000000e+03 3.462817541244087582e-01
1.160000000000000000e+03 3.451501953471798889e-01
1.164000000000000000e+03 3.477603532581083901e-01
1.168000000000000000e+03 3.537919354868344635e-01
1.172000000000000000e+03 3.627706899369178006e-01
1.176000000000000000e+03 3.745060572655813935e-01
1.180000000000000000e+03 3.909545709876031117e-01
1.184000000000000000e+03 4.104219099405628790e-01
1.188000000000000000e+03 4.326261600115810513e-01
1.192000000000000000e+03 4.586449485765161649e-01
1.196000000000000000e+03 4.866879173383343304e-01
1.200000000000000000e+03 5.165660966614972205e-01
1.204000000000000000e+03 5.470532403290090384e-01
1.208000000000000000e+03 5.778593979519666135e-01
1.212000000000000000e+03 6.051989540945531543e-01
1.216000000000000000e+03 6.294400852117559841e-01
1.220000000000000000e+03 6.481764280310794435e-01
1.224000000000000000e+03 6.597479148917997360e-01
1.228000000000000000e+03 6.643455728968739038e-01
1.232000000000000000e+03 6.617864622432909627e-01
1.236000000000000000e+03 6.513642932209958714e-01
1.240000000000000000e+03 6.345252306255767527e-01
1.244000000000000000e+03 6.137552692731437221e-01
1.248000000000000000e+03 5.884300037877826517e-01
1.252000000000000000e+03 5.620129464933095731e-01
1.256000000000000000e+03 5.351700052205441427e-01
1.260000000000000000e+03 5.088261100872599751e-01
1.264000000000000000e+03 4.843065775090308334e-01
1.268000000000000000e+03 4.623030526201956092e-01
1.272000000000000000e+03 4.419171331207855102e-01
1.276000000000000000e+03 4.246647477290472206e-01
1.280000000000000000e+03 4.105744144709099763e-01
1.284000000000000000e+03 3.989901635791089363e-01
1.288000000000000000e+03 3.890195542615746960e-01
1.292000000000000000e+03 3.823545887571607738e-01
1.296000000000000000e+03 3.788002492218316974e-01
1.300000000000000000e+03 3.761689476168490476e-01
1.304000000000000000e+03 3.771971374320101655e-01
1.308000000000000000e+03 3.795580099616657210e-01
1.312000000000000000e+03 3.846928974624103104e-01
1.316000000000000000e+03 3.919003810306488922e-01
1.320000000000000000e+03 4.010427732700798109e-01
1.324000000000000000e+03 4.130403643484684695e-01
1.328000000000000000e+03 4.272822956137301009e-01
1.332000000000000000e+03 4.439600864562729399e-01
1.336000000000000000e+03 4.626685321322322464e-01
1.340000000000000000e+03 4.838555079556511318e-01
1.344000000000000000e+03 5.071671708621406927e-01
1.348000000000000000e+03 5.332830281902095626e-01
1.352000000000000000e+03 5.602762815047208633e-01
1.356000000000000000e+03 5.876128588546573051e-01
1.360000000000000000e+03 6.164448045455271918e-01
1.364000000000000000e+03 6.440861684566207002e-01
1.368000000000000000e+03 6.710892596810086319e-01
1.372000000000000000e+03 6.945839812317481377e-01
1.376000000000000000e+03 7.157955881958175670e-01
1.380000000000000000e+03 7.326011572645920733e-01
1.384000000000000000e+03 7.444683216189835750e-01
1.388000000000000000e+03 7.507720854137394095e-01
1.392000000000000000e+03 7.508494825200312528e-01
1.396000000000000000e+03 7.455986730118991934e-01
1.400000000000000000e+03 7.355150629238947912e-01
1.404000000000000000e+03 7.203486378993878558e-01
1.408000000000000000e+03 7.020850073992391804e-01
1.412000000000000000e+03 6.801890549108730033e-01
1.416000000000000000e+03 6.562408074812468017e-01
1.420000000000000000e+03 6.320371800764147396e-01
1.424000000000000000e+03 6.065045185949021755e-01
1.428000000000000000e+03 5.818331956896497514e-01
1.432000000000000000e+03 5.579875871673189991e-01
1.436000000000000000e+03 5.351777545965972216e-01
1.440000000000000000e+03 5.142340742030802048e-01
1.444000000000000000e+03 4.947115085031610904e-01
1.448000000000000000e+03 4.771387026663001518e-01
1.452000000000000000e+03 4.615437783027658836e-01
1.456000000000000000e+03 4.483526535603483132e-01
1.460000000000000000e+03 4.358068584075993068e-01
1.464000000000000000e+03 4.251875849764618631e-01
1.468000000000000000e+03 4.172887977500112644e-01
1.472000000000000000e+03 4.098538954710968518e-01
1.476000000000000000e+03 4.047561006252390903e-01
1.480000000000000000e+03 4.005894160320888631e-01
1.484000000000000000e+03 3.985092631297919019e-01
1.488000000000000000e+03 3.967583712955503605e-01
1.492000000000000000e+03 3.974536116905579841e-01
1.496000000000000000e+03 3.987891816877782158e-01
1.500000000000000000e+03 4.022624355551199238e-01
1.504000000000000000e+03 4.065875495705200682e-01
1.508000000000000000e+03 4.124379758420811948e-01
1.512000000000000000e+03 4.200424497798624368e-01
1.516000000000000000e+03 4.279589162681106118e-01
1.520000000000000000e+03 4.388162834539475754e-01
1.524000000000000000e+03 4.493811047464316144e-01
1.528000000000000000e+03 4.628341435440174179e-01
1.532000000000000000e+03 4.767002641016196418e-01
1.536000000000000000e+03 4.926159528398635357e-01
1.540000000000000000e+03 5.099571216858022060e-01
1.544000000000000000e+03 5.290009476390209464e-01
1.548000000000000000e+03 5.485304736179503760e-01
1.552000000000000000e+03 5.695298876754864015e-01
1.556000000000000000e+03 5.913594137496802627e-01
1.560000000000000000e+03 6.144330829676080130e-01
1.564000000000000000e+03 6.374464737955225502e-01
1.568000000000000000e+03 6.608981409720959821e-01
1.572000000000000000e+03 6.842722837971288996e-01
1.576000000000000000e+03 7.069670154706191312e-01
1.580000000000000000e+03 7.286071794737628560e-01
1.584000000000000000e+03 7.487617109382337377e-01
1.588000000000000000e+03 7.671385346896909541e-01
1.592000000000000000e+03 7.819940132130989152e-01
1.596000000000000000e+03 7.947625398051967327e-01
1.600000000000000000e+03 8.048388848265654039e-01
1.604000000000000000e+03 8.102537038426835814e-01
1.608000000000000000e+03 8.128872551529537915e-01
1.612000000000000000e+03 8.115977873551993849e-01
1.616000000000000000e+03 8.064174183793586526e-01
1.620000000000000000e+03 7.991120497606565287e-01
1.624000000000000000e+03 7.878151049881108037e-01
1.628000000000000000e+03 7.737321459079705699e-01
1.632000000000000000e+03 7.583086169012219768e-01
1.636000000000000000e+03 7.399533438508558714e-01
1.640000000000000000e+03 7.209848585306843916e-01
1.644000000000000000e+03 7.011547454933524381e-01
1.648000000000000000e+03 6.802084745129224341e-01
1.652000000000000000e+03 6.598358527221239722e-01
1.656000000000000000e+03 6.388961115968311288e-01
1.660000000000000000e+03 6.189112184599184774e-01
1.664000000000000000e+03 5.987146945924906039e-01
1.668000000000000000e+03 5.804301050793094774e-01
1.672000000000000000e+03 5.618402830920602442e-01
1.676000000000000000e+03 5.449030464860784573e-01
1.680000000000000000e+03 5.295752352593018353e-01
1.684000000000000000e+03 5.149270629846899316e-01
1.688000000000000000e+03 5.003013770656835613e-01
1.692000000000000000e+03 4.877968939560792250e-01
1.696000000000000000e+03 4.766552685974114745e-01
1.700000000000000000e+03 4.663947438076871954e-01
1.704000000000000000e+03 4.566075168436135034e-01
1.708000000000000000e+03 4.479789335486085156e-01
1.712000000000000000e+03 4.399716185680067615e-01
1.716000000000000000e+03 4.337415798953022650e-01
1.720000000000000000e+03 4.276453722096217880e-01
1.724000000000000000e+03 4.229663346296299586e-01
1.728000000000000000e+03 4.195033722213368232e-01
1.732000000000000000e+03 4.157112613167067150e-01
1.736000000000000000e+03 4.136577006056821326e-01
1.740000000000000000e+03 4.121907018378739296e-01
1.744000000000000000e+03 4.104420695675859432e-01
1.748000000000000000e+03 4.108594753135099698e-01
1.752000000000000000e+03 4.117924147493074449e-01
1.756000000000000000e+03 4.131079098639657832e-01
1.760000000000000000e+03 4.150452969386357882e-01
1.764000000000000000e+03 4.171764103306486726e-01
1.768000000000000000e+03 4.211946220407030705e-01
1.772000000000000000e+03 4.254458041519088018e-01
1.776000000000000000e+03 4.299198697581558815e-01
1.780000000000000000e+03 4.354593852306248292e-01
1.784000000000000000e+03 4.421778300529733419e-01
1.788000000000000000e+03 4.485492455608912077e-01
1.792000000000000000e+03 4.572360451796382286e-01
1.796000000000000000e+03 4.654569995957107409e-01
1.800000000000000000e+03 4.745067110260499099e-01
1.804000000000000000e+03 4.846474912509630695e-01
1.808000000000000000e+03 4.958777107218806379e-01
1.812000000000000000e+03 5.068370969809261606e-01
1.816000000000000000e+03 5.199324302745669257e-01
1.820000000000000000e+03 5.322689816670840290e-01
1.824000000000000000e+03 5.460876454608052377e-01
1.828000000000000000e+03 5.608711839944375832e-01
1.832000000000000000e+03 5.766763663563090336e-01
1.836000000000000000e+03 5.924415410183008213e-01
1.840000000000000000e+03 6.087902919421386283e-01
1.844000000000000000e+03 6.254621676576659350e-01
1.848000000000000000e+03 6.425701777788803692e-01
1.852000000000000000e+03 6.601711888228943836e-01
1.856000000000000000e+03 6.779478057860636175e-01
1.860000000000000000e+03 6.953352387492881537e-01
1.864000000000000000e+03 7.129921207148236517e-01
1.868000000000000000e+03 7.298729365227313304e-01
1.872000000000000000e+03 7.467675098996673366e-01
1.876000000000000000e+03 7.632025622277606169e-01
1.880000000000000000e+03 7.781723487635618941e-01
1.884000000000000000e+03 7.933733519731220873e-01
1.888000000000000000e+03 8.064029718198131302e-01
1.892000000000000000e+03 8.183582654427391523e-01
1.896000000000000000e+03 8.287931906648824398e-01
1.900000000000000000e+03 8.373590734777102140e-01
1.904000000000000000e+03 8.443864485056481461e-01
1.908000000000000000e+03 8.494323555371562362e-01
1.912000000000000000e+03 8.530750844622636553e-01
1.916000000000000000e+03 8.544542306780500418e-01
1.920000000000000000e+03 8.529959434296673360e-01
1.924000000000000000e+03 8.504417570321873843e-01
1.928000000000000000e+03 8.467528254675313892e-01
1.932000000000000000e+03 8.403185278744813580e-01
1.936000000000000000e+03 8.326010217713488704e-01
1.940000000000000000e+03 8.239405149155248909e-01
1.944000000000000000e+03 8.132289293170353872e-01
1.948000000000000000e+03 8.014403447768788658e-01
1.952000000000000000e+03 7.880389307604817040e-01
1.956000000000000000e+03 7.752340235752617215e-01
1.960000000000000000e+03 7.602190559002434123e-01
1.964000000000000000e+03 7.460271093551977817e-01
1.968000000000000000e+03 7.307352015590476979e-01
1.972000000000000000e+03 7.152651236811407021e-01
1.976000000000000000e+03 6.996790620752636469e-01
1.980000000000000000e+03 6.841471488131029011e-01
1.984000000000000000e+03 6.695922241000505926e-01
1.988000000000000000e+03 6.543427945409073798e-01
1.992000000000000000e+03 6.391296429871480278e-01
1.996000000000000000e+03 6.244675439159703689e-01
2.000000000000000000e+03 6.107652571149786436e-01
2.004000000000000000e+03 5.973436807460107412e-01
2.008000000000000000e+03 5.842587266562608850e-01
2.012000000000000000e+03 5.717733263650455200e-01
2.016000000000000000e+03 5.600599603365722379e-01
2.020000000000000000e+03 5.479100429141926520e-01
2.024000000000000000e+03 5.378580242811557000e-01
2.028000000000000000e+03 5.272830727045431098e-01
2.032000000000000000e+03 5.174435118681726120e-01
2.036000000000000000e+03 5.075756863155229670e-01
2.040000000000000000e+03 4.996010894171885597e-01
2.044000000000000000e+03 4.908744996809855654e-01
2.048000000000000000e+03 4.832100935956865073e-01
2.052000000000000000e+03 4.757704751053453140e-01
2.056000000000000000e+03 4.692842146194303732e-01
2.060000000000000000e+03 4.632521727119465749e-01
2.064000000000000000e+03 4.571389266390329387e-01
2.068000000000000000e+03 4.525618988001022247e-01
2.072000000000000000e+03 4.471229065091720800e-01
2.076000000000000000e+03 4.427274412667909220e-01
2.080000000000000000e+03 4.390513589891489876e-01
2.084000000000000000e+03 4.347631686200175705e-01
2.088000000000000000e+03 4.323704311429734659e-01
2.092000000000000000e+03 4.291516310856797745e-01
2.096000000000000000e+03 4.264870106085609236e-01
2.100000000000000000e+03 4.249018924727505642e-01
2.104000000000000000e+03 4.232110268734923797e-01
2.108000000000000000e+03 4.219381971119018360e-01
2.112000000000000000e+03 4.208746715274469530e-01
2.116000000000000000e+03 4.199490563822614875e-01
2.120000000000000000e+03 4.191355134701699181e-01
2.124000000000000000e+03 4.192086378378257483e-01
2.128000000000000000e+03 4.199934505972956478e-01
2.132000000000000000e+03 4.203621307999017009e-01
2.136000000000000000e+03 4.218615880214078850e-01
2.140000000000000000e+03 4.226888548527522604e-01
2.144000000000000000e+03 4.247698184437799229e-01
2.148000000000000000e+03 4.267651699058958026e-01
2.152000000000000000e+03 4.288340330622746888e-01
2.156000000000000000e+03 4.311360103053220039e-01
2.160000000000000000e+03 4.345229401858679563e-01
2.164000000000000000e+03 4.375142160413836301e-01
2.168000000000000000e+03 4.418235608853623986e-01
2.172000000000000000e+03 4.449271918974862516e-01
2.176000000000000000e+03 4.499062636065259690e-01
2.180000000000000000e+03 4.542059169744011582e-01
2.184000000000000000e+03 4.585401397583379057e-01
2.188000000000000000e+03 4.637034583798066989e-01
2.192000000000000000e+03 4.697830137390741623e-01
2.196000000000000000e+03 4.754241593901634699e-01
