6.000000000000000000e+02 8.208368153641272622e-04
6.040000000000000000e+02 1.020829768372205496e-03
6.080000000000000000e+02 1.154900374991154818e-03
6.120000000000000000e+02 8.617617219688349268e-04
6.160000000000000000e+02 1.403456922745671947e-03
6.200000000000000000e+02 1.392956004493217746e-03
6.240000000000000000e+02 2.685305953766049022e-03
6.280000000000000000e+02 2.884908002080451093e-03
6.320000000000000000e+02 3.774745765412263875e-03
6.360000000000000000e+02 4.036114998188903430e-03
6.400000000000000000e+02 5.780931718356827585e-03
6.440000000000000000e+02 6.639243807244334279e-03
6.480000000000000000e+02 7.560039612650703775e-03
6.520000000000000000e+02 9.892847886998439727e-03
6.560000000000000000e+02 1.123739713497685574e-02
6.600000000000000000e+02 1.328188217977002879e-02
6.640000000000000000e+02 1.536202611983854965e-02
6.680000000000000000e+02 1.790743184588323295e-02
6.720000000000000000e+02 2.011907979340012143e-02
6.760000000000000000e+02 2.356688643245547291e-02
6.800000000000000000e+02 2.646075626131617203e-02
6.840000000000000000e+02 3.010952154834566422e-02
6.880000000000000000e+02 3.376747076578126561e-02
6.920000000000000000e+02 3.795291094856532293e-02
6.960000000000000000e+02 4.151274295907760731e-02
7.000000000000000000e+02 4.579967179375987046e-02
7.040000000000000000e+02 5.060604203240631760e-02
7.080000000000000000e+02 5.426858324126039579e-02
7.120000000000000000e+02 5.970926548323979288e-02
7.160000000000000000e+02 6.440547408444563526e-02
7.200000000000000000e+02 6.955221380915896368e-02
7.240000000000000000e+02 7.600320064401988596e-02
7.280000000000000000e+02 8.167806234264994580e-02
7.320000000000000000e+02 8.812307783213682577e-02
7.360000000000000000e+02 9.453880405056516723e-02
7.400000000000000000e+02 1.008581893974695026e-01
7.440000000000000000e+02 1.072276662533745289e-01
7.480000000000000000e+02 1.120397890764291554e-01
7.520000000000000000e+02 1.172230314846331445e-01
7.560000000000000000e+02 1.222167402822511434e-01
7.600000000000000000e+02 1.268814737130032066e-01
7.640000000000000000e+02 1.316448945237138068e-01
7.680000000000000000e+02 1.369726436773186506e-01
7.720000000000000000e+02 1.424210593032325944e-01
7.760000000000000000e+02 1.507938859092267658e-01
7.800000000000000000e+02 1.588405362173211377e-01
7.840000000000000000e+02 1.685361969718677522e-01
7.880000000000000000e+02 1.780450224952989657e-01
7.920000000000000000e+02 1.870428318644722088e-01
7.960000000000000000e+02 1.952503453470433581e-01
8.000000000000000000e+02 2.037468326577003830e-01
8.040000000000000000e+02 2.101350201465381484e-01
8.080000000000000000e+02 2.150204640811366197e-01
8.120000000000000000e+02 2.185732401990760077e-01
8.160000000000000000e+02 2.199557238589339714e-01
8.200000000000000000e+02 2.204442018485590071e-01
8.240000000000000000e+02 2.207064257360683845e-01
8.280000000000000000e+02 2.212392206514078308e-01
8.320000000000000000e+02 2.228264289767154793e-01
8.360000000000000000e+02 2.256225624933185792e-01
8.400000000000000000e+02 2.314885857327525220e-01
8.440000000000000000e+02 2.403077279852781079e-01
8.480000000000000000e+02 2.514709373657033620e-01
8.520000000000000000e+02 2.639507973826339393e-01
8.560000000000000000e+02 2.777115612039555703e-01
8.600000000000000000e+02 2.905841804825661234e-01
8.640000000000000000e+02 3.036562405361587502e-01
8.680000000000000000e+02 3.151887697244785125e-01
8.720000000000000000e+02 3.246921792943994745e-01
8.760000000000000000e+02 3.324042520919034960e-01
8.800000000000000000e+02 3.371730157046701759e-01
8.840000000000000000e+02 3.398661115614967643e-01
8.880000000000000000e+02 3.400483295104232417e-01
8.920000000000000000e+02 3.372416759608903303e-01
8.960000000000000000e+02 3.325157385180352310e-01
9.000000000000000000e+02 3.256456633368245979e-01
9.040000000000000000e+02 3.179563446766934254e-01
9.080000000000000000e+02 3.115342416123017544e-01
9.120000000000000000e+02 3.059128807933480521e-01
9.160000000000000000e+02 3.025532238194519330e-01
9.200000000000000000e+02 3.018492590013370780e-01
9.240000000000000000e+02 3.054258806983127239e-01
9.280000000000000000e+02 3.124933056704333190e-01
9.320000000000000000e+02 3.227746887239235085e-01
9.360000000000000000e+02 3.359131265724107918e-01
9.400000000000000000e+02 3.518094781788059233e-01
9.440000000000000000e+02 3.691425478959696749e-01
9.480000000000000000e+02 3.876780665124625047e-01
9.520000000000000000e+02 4.046633534817790090e-01
9.560000000000000000e+02 4.206514595224124520e-01
9.600000000000000000e+02 4.356031685023138977e-01
9.640000000000000000e+02 4.466916537645889140e-01
9.680000000000000000e+02 4.560451467140965165e-01
9.720000000000000000e+02 4.630394692286711189e-01
9.760000000000000000e+02 4.663137565417312391e-01
9.800000000000000000e+02 4.672520828747755428e-01
9.840000000000000000e+02 4.643231637694401059e-01
9.880000000000000000e+02 4.583844709395068495e-01
9.920000000000000000e+02 4.496427382274893469e-01
9.960000000000000000e+02 4.386982987569250647e-01
1.000000000000000000e+03 4.257843797753142479e-01
1.004000000000000000e+03 4.111341589721464462e-01
1.008000000000000000e+03 3.975805350836965624e-01
1.012000000000000000e+03 3.836490999340863572e-01
1.016000000000000000e+03 3.726083267037719193e-01
1.020000000000000000e+03 3.639362371433762511e-01
1.024000000000000000e+03 3.571422038589952552e-01
1.028000000000000000e+03 3.543277077565197830e-01
1.032000000000000000e+03 3.545615721057679970e-01
1.036000000000000000e+03 3.591342347201576524e-01
1.040000000000000000e+03 3.656292961840859612e-01
1.044000000000000000e+03 3.760771329748342495e-01
1.048000000000000000e+03 3.893325780669081859e-01
1.052000000000000000e+03 4.055895001250938159e-01
1.056000000000000000e+03 4.235212111777446053e-01
1.060000000000000000e+03 4.432727584739430404e-01
1.064000000000000000e+03 4.627828139912216199e-01
1.068000000000000000e+03 4.835738593386113560e-01
1.072000000000000000e+03 5.032221797505662675e-01
1.076000000000000000e+03 5.221339361344159435e-01
1.080000000000000000e+03 5.389367192712360977e-01
1.084000000000000000e+03 5.531408508429133120e-01
1.088000000000000000e+03 5.642920692186051967e-01
1.092000000000000000e+03 5.739153373047789497e-01
1.096000000000000000e+03 5.800523717644114896e-01
1.100000000000000000e+03 5.824894730896529316e-01
1.104000000000000000e+03 5.826997952166210748e-01
1.108000000000000000e+03 5.805637947066140114e-01
1.112000000000000000e+03 5.740462348864860953e-01
1.116000000000000000e+03 5.652403296996292292e-01
1.120000000000000000e+03 5.542896577370345357e-01
1.124000000000000000e+03 5.400639684406202123e-01
1.128000000000000000e+03 5.241990943737486752e-01
1.132000000000000000e+03 5.073949634912080509e-01
1.136000000000000000e+03 4.890009758837153830e-01
1.140000000000000000e+03 4.715625965158276589e-01
1.144000000000000000e+03 4.541323178220574852e-01
1.148000000000000000e+03 4.386546438978760620e-01
1.152000000000000000e+03 4.242408089438091667e-01
1.156000000000000000e+03 4.119974964082365188e-01
1.160000000000000000e+03 4.016476285805457014e-01
1.164000000000000000e+03 3.941716344803282701e-01
1.168000000000000000e+03 3.887262517733519607e-01
1.172000000000000000e+03 3.851210937124625588e-01
1.176000000000000000e+03 3.848864613427453452e-01
1.180000000000000000e+03 3.865267398596827220e-01
1.184000000000000000e+03 3.898008278114276637e-01
1.188000000000000000e+03 3.958301417926513577e-01
1.192000000000000000e+03 4.042978819031998738e-01
1.196000000000000000e+03 4.152553608519218287e-01
1.200000000000000000e+03 4.270805942642625919e-01
1.204000000000000000e+03 4.414877149019592051e-01
1.208000000000000000e+03 4.572637749394721229e-01
1.212000000000000000e+03 4.756613716576027495e-01
1.216000000000000000e+03 4.938986423828038430e-01
1.220000000000000000e+03 5.135388884809040100e-01
1.224000000000000000e+03 5.343650553185553820e-01
1.228000000000000000e+03 5.543089820379151211e-01
1.232000000000000000e+03 5.744081166239596303e-01
1.236000000000000000e+03 5.931158886333169900e-01
1.240000000000000000e+03 6.109719747765461895e-01
1.244000000000000000e+03 6.269943770430549401e-01
1.248000000000000000e+03 6.410807135582251570e-01
1.252000000000000000e+03 6.537605693051322664e-01
1.256000000000000000e+03 6.641192180545623103e-01
1.260000000000000000e+03 6.718372779762123992e-01
1.264000000000000000e+03 6.768332229920229759e-01
1.268000000000000000e+03 6.791555954779391335e-01
1.272000000000000000e+03 6.794052181054024420e-01
1.276000000000000000e+03 6.778678466754552989e-01
1.280000000000000000e+03 6.726410739616235368e-01
1.284000000000000000e+03 6.654462094484389079e-01
1.288000000000000000e+03 6.563302011226910260e-01
1.292000000000000000e+03 6.454957440547027803e-01
1.296000000000000000e+03 6.323497328299347853e-01
1.300000000000000000e+03 6.170877780713514005e-01
1.304000000000000000e+03 6.008692982014605111e-01
1.308000000000000000e+03 5.833051023973325755e-01
1.312000000000000000e+03 5.656880818549004930e-01
1.316000000000000000e+03 5.477018114355576284e-01
1.320000000000000000e+03 5.300420949832786999e-01
1.324000000000000000e+03 5.130617383444365798e-01
1.328000000000000000e+03 4.970562985406781764e-01
1.332000000000000000e+03 4.809296232111001657e-01
1.336000000000000000e+03 4.675508975000378653e-01
1.340000000000000000e+03 4.542406861230383064e-01
1.344000000000000000e+03 4.427162735292384244e-01
1.348000000000000000e+03 4.329198707268801516e-01
1.352000000000000000e+03 4.239031294452340060e-01
1.356000000000000000e+03 4.168459952879454700e-01
1.360000000000000000e+03 4.110080374341428255e-01
1.364000000000000000e+03 4.059685662803920736e-01
1.368000000000000000e+03 4.026096765176431780e-01
1.372000000000000000e+03 4.009858163814402632e-01
1.376000000000000000e+03 3.999203547105199541e-01
1.380000000000000000e+03 4.012807202142102958e-01
1.384000000000000000e+03 4.026638181024787544e-01
1.388000000000000000e+03 4.061212934932756369e-01
1.392000000000000000e+03 4.107225935855862708e-01
1.396000000000000000e+03 4.164510392699184993e-01
1.400000000000000000e+03 4.233598199970100007e-01
1.404000000000000000e+03 4.313838876577050230e-01
1.408000000000000000e+03 4.403614475483374480e-01
1.412000000000000000e+03 4.501593113708622917e-01
1.416000000000000000e+03 4.614366594152006784e-01
1.420000000000000000e+03 4.741747992996865335e-01
1.424000000000000000e+03 4.878346046811213310e-01
1.428000000000000000e+03 5.020190839398960270e-01
1.432000000000000000e+03 5.180852651079353999e-01
1.436000000000000000e+03 5.337512849069186993e-01
1.440000000000000000e+03 5.501608712302985538e-01
1.444000000000000000e+03 5.676638306752924690e-01
1.448000000000000000e+03 5.846112300611564505e-01
1.452000000000000000e+03 6.024192478444381216e-01
1.456000000000000000e+03 6.199016037791479361e-01
1.460000000000000000e+03 6.373282673519172770e-01
1.464000000000000000e+03 6.529675618612045263e-01
1.468000000000000000e+03 6.691777665973971390e-01
1.472000000000000000e+03 6.839969630765111441e-01
1.476000000000000000e+03 6.973677048165755066e-01
1.480000000000000000e+03 7.106884381358832270e-01
1.484000000000000000e+03 7.219422175080801862e-01
1.488000000000000000e+03 7.315564609831239906e-01
1.492000000000000000e+03 7.401302304052526093e-01
1.496000000000000000e+03 7.466681697478264601e-01
1.500000000000000000e+03 7.516906018052345040e-01
1.504000000000000000e+03 7.545618603072096198e-01
1.508000000000000000e+03 7.563409196362551601e-01
1.512000000000000000e+03 7.561066157269109578e-01
1.516000000000000000e+03 7.536996952090917468e-01
1.520000000000000000e+03 7.509255845443638666e-01
1.524000000000000000e+03 7.453439832496990824e-01
1.528000000000000000e+03 7.389379222048346740e-01
1.532000000000000000e+03 7.298508689850311537e-01
1.536000000000000000e+03 7.210158233167354158e-01
1.540000000000000000e+03 7.096369815681147220e-01
1.544000000000000000e+03 6.981974332407955286e-01
1.548000000000000000e+03 6.847141897842995428e-01
1.552000000000000000e+03 6.710073218953777063e-01
1.556000000000000000e+03 6.572651576346862923e-01
1.560000000000000000e+03 6.416187995564970326e-01
1.564000000000000000e+03 6.271847629075958386e-01
1.568000000000000000e+03 6.116608613024211438e-01
1.572000000000000000e+03 5.963261857760806528e-01
1.576000000000000000e+03 5.814367970509776162e-01
1.580000000000000000e+03 5.664856609665531728e-01
1.584000000000000000e+03 5.520477404162473789e-01
1.588000000000000000e+03 5.387107398450531326e-01
1.592000000000000000e+03 5.252089603698811837e-01
1.596000000000000000e+03 5.129864854942419727e-01
1.600000000000000000e+03 5.007643586514263223e-01
1.604000000000000000e+03 4.895915397898895072e-01
1.608000000000000000e+03 4.786601408872236951e-01
1.612000000000000000e+03 4.697766052334653164e-01
1.616000000000000000e+03 4.607862389301224382e-01
1.620000000000000000e+03 4.520092306036375129e-01
1.624000000000000000e+03 4.450732935993075845e-01
1.628000000000000000e+03 4.385634584717044149e-01
1.632000000000000000e+03 4.322818717472061700e-01
1.636000000000000000e+03 4.266030390504924608e-01
1.640000000000000000e+03 4.222451748503681657e-01
1.644000000000000000e+03 4.179958938407191127e-01
1.648000000000000000e+03 4.146952966962931253e-01
1.652000000000000000e+03 4.122572992199276531e-01
1.656000000000000000e+03 4.100497144662640925e-01
1.660000000000000000e+03 4.083637195315919510e-01
1.664000000000000000e+03 4.079950088010096954e-01
1.668000000000000000e+03 4.076060892375217848e-01
1.672000000000000000e+03 4.077696039809433071e-01
1.676000000000000000e+03 4.089161157015401837e-01
1.680000000000000000e+03 4.105108381725042221e-01
1.684000000000000000e+03 4.125283250927794243e-01
1.688000000000000000e+03 4.147442196938898040e-01
1.692000000000000000e+03 4.173127161217859982e-01
1.696000000000000000e+03 4.213002672695443374e-01
1.700000000000000000e+03 4.252136230622392543e-01
1.704000000000000000e+03 4.305598218009443756e-01
1.708000000000000000e+03 4.352826623810512885e-01
1.712000000000000000e+03 4.415216583737329170e-01
1.716000000000000000e+03 4.476372104260251117e-01
1.720000000000000000e+03 4.543674048803427179e-01
1.724000000000000000e+03 4.619157935964389172e-01
1.728000000000000000e+03 4.700405125273932061e-01
1.732000000000000000e+03 4.786116032590468916e-01
1.736000000000000000e+03 4.868275217419951173e-01
1.740000000000000000e+03 4.964682326879377161e-01
1.744000000000000000e+03 5.065517766021272461e-01
1.748000000000000000e+03 5.171736169923798476e-01
1.752000000000000000e+03 5.280163979034177002e-01
1.756000000000000000e+03 5.391707939226411117e-01
1.760000000000000000e+03 5.510265710458637223e-01
1.764000000000000000e+03 5.630828545506233462e-01
1.768000000000000000e+03 5.754851555134896657e-01
1.772000000000000000e+03 5.876274035128848938e-01
1.776000000000000000e+03 6.003876299707439079e-01
1.780000000000000000e+03 6.136952533787924935e-01
1.784000000000000000e+03 6.271631948634083242e-01
1.788000000000000000e+03 6.397218217112576877e-01
1.792000000000000000e+03 6.534614173339892140e-01
1.796000000000000000e+03 6.663558025713733901e-01
1.800000000000000000e+03 6.794996637737731326e-01
1.804000000000000000e+03 6.915519225612605236e-01
1.808000000000000000e+03 7.045813731224485066e-01
1.812000000000000000e+03 7.159412540617151599e-01
1.816000000000000000e+03 7.276392118071377535e-01
1.820000000000000000e+03 7.395188155876799563e-01
1.824000000000000000e+03 7.499084275642502462e-01
1.828000000000000000e+03 7.599025541609677470e-01
1.832000000000000000e+03 7.684816643914799128e-01
1.836000000000000000e+03 7.774627273767795721e-01
1.840000000000000000e+03 7.845537282882658614e-01
1.844000000000000000e+03 7.920579468228599040e-01
1.848000000000000000e+03 7.982673651362744982e-01
1.852000000000000000e+03 8.033457475052161456e-01
1.856000000000000000e+03 8.068387032143424786e-01
1.860000000000000000e+03 8.111034643992122151e-01
1.864000000000000000e+03 8.132225806375286137e-01
1.868000000000000000e+03 8.138895155339969101e-01
1.872000000000000000e+03 8.150996380260340235e-01
1.876000000000000000e+03 8.146437720292407647e-01
1.880000000000000000e+03 8.133908807204278668e-01
1.884000000000000000e+03 8.110512411362834628e-01
1.888000000000000000e+03 8.074679663995854018e-01
1.892000000000000000e+03 8.034341899507094764e-01
1.896000000000000000e+03 7.982584911230545810e-01
1.900000000000000000e+03 7.926424035708964366e-01
1.904000000000000000e+03 7.858529817100838866e-01
1.908000000000000000e+03 7.788402784394663492e-01
1.912000000000000000e+03 7.711907850613826110e-01
1.916000000000000000e+03 7.628259085865061184e-01
1.920000000000000000e+03 7.532068366301025719e-01
1.924000000000000000e+03 7.442762847260647741e-01
1.928000000000000000e+03 7.343263367402125263e-01
1.932000000000000000e+03 7.242099086291815535e-01
1.936000000000000000e+03 7.136810587801812877e-01
1.940000000000000000e+03 7.027709506908785819e-01
1.944000000000000000e+03 6.914475465778430197e-01
1.948000000000000000e+03 6.799771244909836865e-01
1.952000000000000000e+03 6.686984422116573068e-01
1.956000000000000000e+03 6.579677676839882361e-01
1.960000000000000000e+03 6.467868955135741560e-01
1.964000000000000000e+03 6.353746558520528831e-01
1.968000000000000000e+03 6.243908460288396522e-01
1.972000000000000000e+03 6.131073321038902346e-01
1.976000000000000000e+03 6.032695550610984725e-01
1.980000000000000000e+03 5.925996522067187300e-01
1.984000000000000000e+03 5.825916708333946925e-01
1.988000000000000000e+03 5.720271136324324157e-01
1.992000000000000000e+03 5.620720335763720321e-01
1.996000000000000000e+03 5.529814335969488459e-01
2.000000000000000000e+03 5.440167466037412192e-01
2.004000000000000000e+03 5.344845250519787427e-01
2.008000000000000000e+03 5.269517226771516238e-01
2.012000000000000000e+03 5.186577596567324422e-01
2.016000000000000000e+03 5.103442519011774925e-01
2.020000000000000000e+03 5.027089433034984678e-01
2.024000000000000000e+03 4.961572679647289208e-01
2.028000000000000000e+03 4.891721824609328029e-01
2.032000000000000000e+03 4.826127659148053972e-01
2.036000000000000000e+03 4.758435421753731687e-01
2.040000000000000000e+03 4.701495199453760154e-01
2.044000000000000000e+03 4.643666315690464508e-01
2.048000000000000000e+03 4.593975675309415196e-01
2.052000000000000000e+03 4.542425110080907658e-01
2.056000000000000000e+03 4.493891556928289455e-01
2.060000000000000000e+03 4.454804381413047243e-01
2.064000000000000000e+03 4.416658881945199067e-01
2.068000000000000000e+03 4.371979222185158331e-01
2.072000000000000000e+03 4.337456413689251278e-01
2.076000000000000000e+03 4.304292189954834202e-01
2.080000000000000000e+03 4.275997394217441738e-01
2.084000000000000000e+03 4.254413640104064420e-01
2.088000000000000000e+03 4.226922714821449989e-01
2.092000000000000000e+03 4.202011033768305315e-01
2.096000000000000000e+03 4.187650771349741841e-01
2.100000000000000000e+03 4.170279176740143146e-01
2.104000000000000000e+03 4.154309945350699307e-01
2.108000000000000000e+03 4.141460880482680240e-01
2.112000000000000000e+03 4.124882480596922529e-01
2.116000000000000000e+03 4.114853516192863436e-01
2.120000000000000000e+03 4.116069311325363245e-01
2.124000000000000000e+03 4.106228101352121795e-01
2.128000000000000000e+03 4.106455079322598456e-01
2.132000000000000000e+03 4.102299368850055306e-01
2.136000000000000000e+03 4.108805404603506073e-01
2.140000000000000000e+03 4.113578000115335476e-01
2.144000000000000000e+03 4.117875269717148345e-01
2.148000000000000000e+03 4.129385003342093130e-01
2.152000000000000000e+03 4.132930640338866035e-01
2.156000000000000000e+03 4.148474929847296711e-01
2.160000000000000000e+03 4.157531237268172197e-01
2.164000000000000000e+03 4.180899117272546817e-01
2.168000000000000000e+03 4.193305241252301419e-01
2.172000000000000000e+03 4.213396146983569568e-01
2.176000000000000000e+03 4.232988626819191302e-01
2.180000000000000000e+03 4.258773871625474161e-01
2.184000000000000000e+03 4.288163383198514422e-01
2.188000000000000000e+03 4.310902589995108114e-01
2.192000000000000000e+03 4.338710416170673545e-01
2.196000000000000000e+03 4.375165273911080788e-01
