6.000000000000000000e+02 8.705640444560815844e-03
6.040000000000000000e+02 1.111403080291491034e-02
6.080000000000000000e+02 1.221274640756820837e-02
6.120000000000000000e+02 1.456936225313948743e-02
6.160000000000000000e+02 1.751914471348431021e-02
6.200000000000000000e+02 2.091236594184356368e-02
6.240000000000000000e+02 2.397671135354972199e-02
6.280000000000000000e+02 2.746587170137280987e-02
6.320000000000000000e+02 3.049180367198211020e-02
6.360000000000000000e+02 3.536298057990466120e-02
6.400000000000000000e+02 3.929466638939542455e-02
6.440000000000000000e+02 4.427303219997896777e-02
6.480000000000000000e+02 4.830416142970497817e-02
6.520000000000000000e+02 5.347034632790988867e-02
6.560000000000000000e+02 5.941588356112359470e-02
6.600000000000000000e+02 6.488010364113044881e-02
6.640000000000000000e+02 7.044326353356510084e-02
6.680000000000000000e+02 7.688222707012669355e-02
6.720000000000000000e+02 8.294048945722794219e-02
6.760000000000000000e+02 8.876686142671401381e-02
6.800000000000000000e+02 9.483015263220560820e-02
6.840000000000000000e+02 1.016434351260833424e-01
6.880000000000000000e+02 1.084152059600513029e-01
6.920000000000000000e+02 1.155315849719189825e-01
6.960000000000000000e+02 1.229419364758297661e-01
7.000000000000000000e+02 1.303137800929737578e-01
7.040000000000000000e+02 1.378268018962769126e-01
7.080000000000000000e+02 1.449978598977874900e-01
7.120000000000000000e+02 1.514493940310941977e-01
7.160000000000000000e+02 1.580506371566692547e-01
7.200000000000000000e+02 1.633346881023270969e-01
7.240000000000000000e+02 1.693292915149205990e-01
7.280000000000000000e+02 1.769569772002471397e-01
7.320000000000000000e+02 1.844956907462431406e-01
7.360000000000000000e+02 1.946449782620653657e-01
7.400000000000000000e+02 2.040877229623641043e-01
7.440000000000000000e+02 2.128268786717949501e-01
7.480000000000000000e+02 2.211942602002625047e-01
7.520000000000000000e+02 2.283199036139742510e-01
7.560000000000000000e+02 2.340454044248276577e-01
7.600000000000000000e+02 2.382568267807732287e-01
7.640000000000000000e+02 2.407107521844082110e-01
7.680000000000000000e+02 2.432373110348012846e-01
7.720000000000000000e+02 2.457447033774134981e-01
7.760000000000000000e+02 2.514980145594934435e-01
7.800000000000000000e+02 2.600701389977703171e-01
7.840000000000000000e+02 2.711960637723965784e-01
7.880000000000000000e+02 2.839134007214043076e-01
7.920000000000000000e+02 2.956114855198153091e-01
7.960000000000000000e+02 3.069953378540873357e-01
8.000000000000000000e+02 3.165473540318856083e-01
8.040000000000000000e+02 3.237030476683314117e-01
8.080000000000000000e+02 3.285254161336504941e-01
8.120000000000000000e+02 3.304872805499679544e-01
8.160000000000000000e+02 3.297764570357887837e-01
8.200000000000000000e+02 3.270625547962104918e-01
8.240000000000000000e+02 3.229344677339864300e-01
8.280000000000000000e+02 3.203932794355145997e-01
8.320000000000000000e+02 3.206227598395229861e-01
8.360000000000000000e+02 3.251025914996831800e-01
8.400000000000000000e+02 3.341063708302083324e-01
8.440000000000000000e+02 3.466306370211563181e-01
8.480000000000000000e+02 3.621217802496499716e-01
8.520000000000000000e+02 3.781988688328169479e-01
8.560000000000000000e+02 3.930732091135872852e-01
8.600000000000000000e+02 4.059079881335775908e-01
8.640000000000000000e+02 4.166960028523473691e-01
8.680000000000000000e+02 4.236845645758444689e-01
8.720000000000000000e+02 4.280774799268343145e-01
8.760000000000000000e+02 4.286387715550248334e-01
8.800000000000000000e+02 4.266065494172343597e-01
8.840000000000000000e+02 4.212397323546760997e-01
8.880000000000000000e+02 4.124763053684572522e-01
8.920000000000000000e+02 4.021549693377970969e-01
8.960000000000000000e+02 3.926627256627592266e-01
9.000000000000000000e+02 3.850293369246242658e-01
9.040000000000000000e+02 3.810294668208620839e-01
9.080000000000000000e+02 3.819499171974010121e-01
9.120000000000000000e+02 3.881574753833159086e-01
9.160000000000000000e+02 3.986437290889058849e-01
9.200000000000000000e+02 4.141854648911790227e-01
9.240000000000000000e+02 4.323399770211187598e-01
9.280000000000000000e+02 4.512699302399299506e-01
9.320000000000000000e+02 4.690927057738267236e-01
9.360000000000000000e+02 4.859200909703968452e-01
9.400000000000000000e+02 5.012371952943521780e-01
9.440000000000000000e+02 5.124498047659978850e-01
9.480000000000000000e+02 5.208330907379923325e-01
9.520000000000000000e+02 5.249010090903842851e-01
9.560000000000000000e+02 5.263088766181523992e-01
9.600000000000000000e+02 5.235097415119294162e-01
9.640000000000000000e+02 5.164105086359497276e-01
9.680000000000000000e+02 5.072396736433878450e-01
9.720000000000000000e+02 4.946639980163528572e-01
9.760000000000000000e+02 4.794422437558285011e-01
9.800000000000000000e+02 4.649219142632926016e-01
9.840000000000000000e+02 4.500312561093788855e-01
9.880000000000000000e+02 4.376264745074244233e-01
9.920000000000000000e+02 4.286772166552080821e-01
9.960000000000000000e+02 4.239366606636107981e-01
1.000000000000000000e+03 4.240098873963433213e-01
1.004000000000000000e+03 4.280891917742533637e-01
1.008000000000000000e+03 4.367932101270179945e-01
1.012000000000000000e+03 4.501822261527310687e-01
1.016000000000000000e+03 4.664925546145488600e-01
1.020000000000000000e+03 4.847336037021235389e-01
1.024000000000000000e+03 5.051021476366408525e-01
1.028000000000000000e+03 5.256246524505963080e-01
1.032000000000000000e+03 5.458656824017298348e-01
1.036000000000000000e+03 5.641513306723872079e-01
1.040000000000000000e+03 5.796334098929839529e-01
1.044000000000000000e+03 5.933761595585647086e-01
1.048000000000000000e+03 6.031517195668378850e-01
1.052000000000000000e+03 6.101312533902145674e-01
1.056000000000000000e+03 6.135976046969786601e-01
1.060000000000000000e+03 6.140223095294103928e-01
1.064000000000000000e+03 6.099187896270286124e-01
1.068000000000000000e+03 6.028457964654020396e-01
1.072000000000000000e+03 5.935899960646129347e-01
1.076000000000000000e+03 5.796932232485995096e-01
1.080000000000000000e+03 5.646523348202564518e-01
1.084000000000000000e+03 5.475410101337835345e-01
1.088000000000000000e+03 5.302144410496651972e-01
1.092000000000000000e+03 5.122747226187959191e-01
1.096000000000000000e+03 4.962582273841094627e-01
1.100000000000000000e+03 4.818969357236317363e-01
1.104000000000000000e+03 4.699836868543505464e-01
1.108000000000000000e+03 4.600947368972394536e-01
1.112000000000000000e+03 4.544882215229268940e-01
1.116000000000000000e+03 4.519606478498023328e-01
1.120000000000000000e+03 4.521348306591141397e-01
1.124000000000000000e+03 4.563252595623442653e-01
1.128000000000000000e+03 4.638051300078267492e-01
1.132000000000000000e+03 4.738355430641136845e-01
1.136000000000000000e+03 4.873749015771897675e-01
1.140000000000000000e+03 5.032038721712560614e-01
1.144000000000000000e+03 5.206432251649815157e-01
1.148000000000000000e+03 5.393088822553592232e-01
1.152000000000000000e+03 5.589486223805414378e-01
1.156000000000000000e+03 5.801325832817060268e-01
1.160000000000000000e+03 5.990291957115887467e-01
1.164000000000000000e+03 6.184322927446957996e-01
1.168000000000000000e+03 6.357555288302091379e-01
1.172000000000000000e+03 6.514299869844053514e-01
1.176000000000000000e+03 6.642189486789586983e-01
1.180000000000000000e+03 6.747058053663020916e-01
1.184000000000000000e+03 6.828653066571857000e-01
1.188000000000000000e+03 6.872308625897921575e-01
1.192000000000000000e+03 6.902402977363366610e-01
1.196000000000000000e+03 6.895479675159563726e-01
1.200000000000000000e+03 6.851129336544107273e-01
1.204000000000000000e+03 6.790191525565256736e-01
1.208000000000000000e+03 6.701580608297016406e-01
1.212000000000000000e+03 6.580188077883237785e-01
1.216000000000000000e+03 6.449824939308734795e-01
1.220000000000000000e+03 6.290889203141865060e-01
1.224000000000000000e+03 6.128743906978788569e-01
1.228000000000000000e+03 5.954067154399655948e-01
1.232000000000000000e+03 5.769615064265100068e-01
1.236000000000000000e+03 5.597413718736874433e-01
1.240000000000000000e+03 5.429413761278260031e-01
1.244000000000000000e+03 5.277655065382493849e-01
1.248000000000000000e+03 5.137263509661177396e-01
1.252000000000000000e+03 5.014573383204319335e-01
1.256000000000000000e+03 4.902662236946386809e-01
1.260000000000000000e+03 4.821102758869380556e-01
1.264000000000000000e+03 4.761171320371498927e-01
1.268000000000000000e+03 4.709363286619401290e-01
1.272000000000000000e+03 4.690294872840397034e-01
1.276000000000000000e+03 4.693530819283057709e-01
1.280000000000000000e+03 4.704067341323306395e-01
1.284000000000000000e+03 4.752377854645551958e-01
1.288000000000000000e+03 4.804995544818221886e-01
1.292000000000000000e+03 4.885637034440040716e-01
1.296000000000000000e+03 4.974638283439287711e-01
1.300000000000000000e+03 5.093791322431949764e-01
1.304000000000000000e+03 5.220933973000898565e-01
1.308000000000000000e+03 5.359210696929539441e-01
1.312000000000000000e+03 5.522038536334250569e-01
1.316000000000000000e+03 5.685817668420737325e-01
1.320000000000000000e+03 5.855819601485667825e-01
1.324000000000000000e+03 6.031591741321896682e-01
1.328000000000000000e+03 6.220458079088557746e-01
1.332000000000000000e+03 6.396336398829207681e-01
1.336000000000000000e+03 6.568211705097036779e-01
1.340000000000000000e+03 6.739999469118377329e-01
1.344000000000000000e+03 6.887505251973373710e-01
1.348000000000000000e+03 7.031259529747325709e-01
1.352000000000000000e+03 7.162294695735967887e-01
1.356000000000000000e+03 7.277275779100670361e-01
1.360000000000000000e+03 7.368755341304653594e-01
1.364000000000000000e+03 7.437882272110338810e-01
1.368000000000000000e+03 7.489763945950065338e-01
1.372000000000000000e+03 7.515657920346996423e-01
1.376000000000000000e+03 7.532492117667280995e-01
1.380000000000000000e+03 7.513192540696572719e-01
1.384000000000000000e+03 7.484598100272956689e-01
1.388000000000000000e+03 7.435446338900578711e-01
1.392000000000000000e+03 7.354526517750000769e-01
1.396000000000000000e+03 7.270551703859505777e-01
1.400000000000000000e+03 7.166571121112069731e-01
1.404000000000000000e+03 7.038704024738589027e-01
1.408000000000000000e+03 6.911015408699575646e-01
1.412000000000000000e+03 6.767415204694642306e-01
1.416000000000000000e+03 6.612332917586387637e-01
1.420000000000000000e+03 6.453182455855003274e-01
1.424000000000000000e+03 6.297304849833583740e-01
1.428000000000000000e+03 6.140168001402620535e-01
1.432000000000000000e+03 5.990953697752136042e-01
1.436000000000000000e+03 5.836938376826857899e-01
1.440000000000000000e+03 5.692334911277950882e-01
1.444000000000000000e+03 5.560852867289455270e-01
1.448000000000000000e+03 5.435408578746081520e-01
1.452000000000000000e+03 5.314727741351600310e-01
1.456000000000000000e+03 5.214018260773647384e-01
1.460000000000000000e+03 5.117694069531980583e-01
1.464000000000000000e+03 5.042960625967549682e-01
1.468000000000000000e+03 4.971359418053042933e-01
1.472000000000000000e+03 4.914292706195896865e-01
1.476000000000000000e+03 4.859014970373191633e-01
1.480000000000000000e+03 4.823920519611364921e-01
1.484000000000000000e+03 4.800371591230904733e-01
1.488000000000000000e+03 4.787900335477512370e-01
1.492000000000000000e+03 4.788329011435975002e-01
1.496000000000000000e+03 4.796070059436987609e-01
1.500000000000000000e+03 4.810131795535574906e-01
1.504000000000000000e+03 4.840795127931721287e-01
1.508000000000000000e+03 4.885885087895141532e-01
1.512000000000000000e+03 4.927756866746645370e-01
1.516000000000000000e+03 4.988693796323565022e-01
1.520000000000000000e+03 5.060649320527590422e-01
1.524000000000000000e+03 5.143704732734103446e-01
1.528000000000000000e+03 5.228270046015354167e-01
1.532000000000000000e+03 5.328827862065865784e-01
1.536000000000000000e+03 5.427626199966281151e-01
1.540000000000000000e+03 5.538900525184290435e-01
1.544000000000000000e+03 5.659036306165731167e-01
1.548000000000000000e+03 5.790354590972917048e-01
1.552000000000000000e+03 5.923035056352909944e-01
1.556000000000000000e+03 6.053289225532429985e-01
1.560000000000000000e+03 6.196835607784744182e-01
1.564000000000000000e+03 6.339270710975574152e-01
1.568000000000000000e+03 6.486848172028466530e-01
1.572000000000000000e+03 6.639153532461188334e-01
1.576000000000000000e+03 6.777730117901722418e-01
1.580000000000000000e+03 6.926464142522952283e-01
1.584000000000000000e+03 7.056559579712216035e-01
1.588000000000000000e+03 7.193940844726242068e-01
1.592000000000000000e+03 7.318333457138439524e-01
1.596000000000000000e+03 7.438876998098828963e-01
1.600000000000000000e+03 7.553190068417282577e-01
1.604000000000000000e+03 7.651940973283583025e-01
1.608000000000000000e+03 7.748463731581237690e-01
1.612000000000000000e+03 7.823192567389315455e-01
1.616000000000000000e+03 7.891260552672961781e-01
1.620000000000000000e+03 7.945959923721861440e-01
1.624000000000000000e+03 7.988234211787116346e-01
1.628000000000000000e+03 8.017573201208423317e-01
1.632000000000000000e+03 8.033438287117539156e-01
1.636000000000000000e+03 8.033967191607234160e-01
1.640000000000000000e+03 8.028104818360508599e-01
1.644000000000000000e+03 8.000241710656982308e-01
1.648000000000000000e+03 7.967887846979473387e-01
1.652000000000000000e+03 7.922257855775501900e-01
1.656000000000000000e+03 7.858541249701498366e-01
1.660000000000000000e+03 7.787001127229712383e-01
1.664000000000000000e+03 7.706009762644776551e-01
1.668000000000000000e+03 7.619409962561175531e-01
1.672000000000000000e+03 7.516513770251027626e-01
1.676000000000000000e+03 7.410651028497077242e-01
1.680000000000000000e+03 7.300845285324746303e-01
1.684000000000000000e+03 7.184010510757099510e-01
1.688000000000000000e+03 7.060340553839653532e-01
1.692000000000000000e+03 6.938175707005798110e-01
1.696000000000000000e+03 6.816659402017313241e-01
1.700000000000000000e+03 6.686298508446613109e-01
1.704000000000000000e+03 6.565675774823067634e-01
1.708000000000000000e+03 6.440038376110084339e-01
1.712000000000000000e+03 6.321926092068864689e-01
1.716000000000000000e+03 6.198897871902556700e-01
1.720000000000000000e+03 6.088143402425727491e-01
1.724000000000000000e+03 5.967920508250718070e-01
1.728000000000000000e+03 5.858724952028950828e-01
1.732000000000000000e+03 5.756477630234611009e-01
1.736000000000000000e+03 5.657596135366729229e-01
1.740000000000000000e+03 5.571384937290886352e-01
1.744000000000000000e+03 5.479471233010757558e-01
1.748000000000000000e+03 5.403106112075460876e-01
1.752000000000000000e+03 5.320194165402311048e-01
1.756000000000000000e+03 5.256938271581537148e-01
1.760000000000000000e+03 5.189341357646696240e-01
1.764000000000000000e+03 5.135206016128899265e-01
1.768000000000000000e+03 5.075487195350473213e-01
1.772000000000000000e+03 5.029601068947778808e-01
1.776000000000000000e+03 4.992053319516561727e-01
1.780000000000000000e+03 4.953308844168027858e-01
1.784000000000000000e+03 4.921810162959012191e-01
1.788000000000000000e+03 4.898248742364632591e-01
1.792000000000000000e+03 4.868104866507084738e-01
1.796000000000000000e+03 4.861946388636835259e-01
1.800000000000000000e+03 4.841939600217970430e-01
1.804000000000000000e+03 4.840702893388783012e-01
1.808000000000000000e+03 4.837526366841009007e-01
1.812000000000000000e+03 4.847282168657021106e-01
1.816000000000000000e+03 4.853670142986816760e-01
1.820000000000000000e+03 4.862212085613308865e-01
1.824000000000000000e+03 4.886260381806308839e-01
1.828000000000000000e+03 4.911343022481673981e-01
1.832000000000000000e+03 4.932571173274165055e-01
1.836000000000000000e+03 4.969397169909229306e-01
1.840000000000000000e+03 4.997777312777633152e-01
1.844000000000000000e+03 5.037556275852269616e-01
1.848000000000000000e+03 5.084623318255279134e-01
1.852000000000000000e+03 5.138560895133327255e-01
1.856000000000000000e+03 5.189156436202424505e-01
1.860000000000000000e+03 5.243295601301523057e-01
1.864000000000000000e+03 5.310545408241222898e-01
1.868000000000000000e+03 5.374262340291376949e-01
1.872000000000000000e+03 5.445290484817910670e-01
1.876000000000000000e+03 5.514904888964518026e-01
1.880000000000000000e+03 5.597237899708473741e-01
1.884000000000000000e+03 5.673164611337860874e-01
1.888000000000000000e+03 5.755247516162138588e-01
1.892000000000000000e+03 5.849220733170923392e-01
1.896000000000000000e+03 5.932359072280569690e-01
1.900000000000000000e+03 6.033677749871957374e-01
1.904000000000000000e+03 6.124494168297724972e-01
1.908000000000000000e+03 6.220048799074781032e-01
1.912000000000000000e+03 6.321348371160109281e-01
1.916000000000000000e+03 6.423910993190099505e-01
1.920000000000000000e+03 6.531300266016529799e-01
1.924000000000000000e+03 6.634347379915916942e-01
1.928000000000000000e+03 6.743046131679324429e-01
1.932000000000000000e+03 6.844238999704032045e-01
1.936000000000000000e+03 6.951822850834123990e-01
1.940000000000000000e+03 7.052584470137518435e-01
1.944000000000000000e+03 7.161575112008872201e-01
1.948000000000000000e+03 7.263676019051993338e-01
1.952000000000000000e+03 7.364858656017294614e-01
1.956000000000000000e+03 7.461129070903630423e-01
1.960000000000000000e+03 7.557536677863749830e-01
1.964000000000000000e+03 7.648833266580036261e-01
1.968000000000000000e+03 7.744605223990529419e-01
1.972000000000000000e+03 7.826859321286131488e-01
1.976000000000000000e+03 7.908656496634297595e-01
1.980000000000000000e+03 7.983882861207167725e-01
1.984000000000000000e+03 8.059456927399685222e-01
1.988000000000000000e+03 8.119715699712928281e-01
1.992000000000000000e+03 8.181431311631433001e-01
1.996000000000000000e+03 8.237917986140677051e-01
2.000000000000000000e+03 8.285362528676292193e-01
2.004000000000000000e+03 8.325175405960564268e-01
2.008000000000000000e+03 8.365048699221576678e-01
2.012000000000000000e+03 8.387740161091082891e-01
2.016000000000000000e+03 8.414690013776107147e-01
2.020000000000000000e+03 8.429303554700758871e-01
2.024000000000000000e+03 8.442124399279818947e-01
2.028000000000000000e+03 8.444390230720848489e-01
2.032000000000000000e+03 8.434215072882689235e-01
2.036000000000000000e+03 8.424212541480622374e-01
2.040000000000000000e+03 8.402633327475342861e-01
2.044000000000000000e+03 8.380161846818954263e-01
2.048000000000000000e+03 8.355772243154576673e-01
2.052000000000000000e+03 8.316565944655159859e-01
2.056000000000000000e+03 8.267471556707959301e-01
2.060000000000000000e+03 8.220986747942511386e-01
2.064000000000000000e+03 8.173717691326051193e-01
2.068000000000000000e+03 8.112149099060305124e-01
2.072000000000000000e+03 8.050489348068037287e-01
2.076000000000000000e+03 7.987361929090356361e-01
2.080000000000000000e+03 7.917955741783099244e-01
2.084000000000000000e+03 7.845072008323449309e-01
2.088000000000000000e+03 7.761699233880708926e-01
2.092000000000000000e+03 7.691337166853620122e-01
2.096000000000000000e+03 7.601453618230923359e-01
2.100000000000000000e+03 7.519495823565593984e-01
2.104000000000000000e+03 7.439555191074298524e-01
2.108000000000000000e+03 7.343777213395836778e-01
2.112000000000000000e+03 7.256032074618948835e-01
2.116000000000000000e+03 7.170671310236895746e-01
2.120000000000000000e+03 7.084465916140608721e-01
2.124000000000000000e+03 6.995629992869963898e-01
2.128000000000000000e+03 6.904623610578839443e-01
2.132000000000000000e+03 6.815728321827347891e-01
2.136000000000000000e+03 6.736068412665290328e-01
2.140000000000000000e+03 6.644289446314523007e-01
2.144000000000000000e+03 6.565173195295644915e-01
2.148000000000000000e+03 6.474079877927748639e-01
2.152000000000000000e+03 6.395262057136145151e-01
2.156000000000000000e+03 6.318871863438636494e-01
2.160000000000000000e+03 6.238198361660696190e-01
2.164000000000000000e+03 6.160530675564804826e-01
2.168000000000000000e+03 6.087784700185641107e-01
2.172000000000000000e+03 6.011668075839942116e-01
2.176000000000000000e+03 5.940330667066440196e-01
2.180000000000000000e+03 5.875702597526211157e-01
2.184000000000000000e+03 5.805967527493538505e-01
2.188000000000000000e+03 5.743188288103237005e-01
2.192000000000000000e+03 5.683018190162519856e-01
2.196000000000000000e+03 5.623777004570564841e-01
