6.000000000000000000e+02 7.577223118078832854e-04
6.040000000000000000e+02 4.378110962201656512e-04
6.080000000000000000e+02 5.276219572278726322e-04
6.120000000000000000e+02 6.696834142550427225e-04
6.160000000000000000e+02 7.647023430275718672e-04
6.200000000000000000e+02 5.159751360091444907e-04
6.240000000000000000e+02 1.483838396558489515e-04
6.280000000000000000e+02 9.070521236535220610e-07
6.320000000000000000e+02 7.881144406211985139e-04
6.360000000000000000e+02 8.875926963843326677e-04
6.400000000000000000e+02 2.698866867411764961e-05
6.440000000000000000e+02 1.846078019584028592e-04
6.480000000000000000e+02 9.045995490270886206e-04
6.520000000000000000e+02 4.600038632225854330e-04
6.560000000000000000e+02 3.344125440754665876e-05
6.600000000000000000e+02 2.581335993473324688e-04
6.640000000000000000e+02 3.595903289784927945e-05
6.680000000000000000e+02 6.857518308356380958e-04
6.720000000000000000e+02 8.282406722558244110e-04
6.760000000000000000e+02 3.060633506131653185e-04
6.800000000000000000e+02 1.560171090818448418e-04
6.840000000000000000e+02 3.992187897196229325e-04
6.880000000000000000e+02 3.680320216767005441e-04
6.920000000000000000e+02 5.427792681854631644e-04
6.960000000000000000e+02 2.668824817448042829e-04
7.000000000000000000e+02 7.638829153436074585e-04
7.040000000000000000e+02 1.022796206151317883e-03
7.080000000000000000e+02 1.102287779520938656e-03
7.120000000000000000e+02 1.247694796888996777e-03
7.160000000000000000e+02 9.065727602687658230e-04
7.200000000000000000e+02 1.780621991933865368e-03
7.240000000000000000e+02 1.436037831948452220e-03
7.280000000000000000e+02 2.252970598142966987e-03
7.320000000000000000e+02 2.392187133723772119e-03
7.360000000000000000e+02 2.857349619249795886e-03
7.400000000000000000e+02 3.205713370765480175e-03
7.440000000000000000e+02 4.288483937348193907e-03
7.480000000000000000e+02 4.907061992896298921e-03
7.520000000000000000e+02 5.939979813838465982e-03
7.560000000000000000e+02 6.777460225002781072e-03
7.600000000000000000e+02 7.420299539523045156e-03
7.640000000000000000e+02 9.279897462814001158e-03
7.680000000000000000e+02 1.047663415382538848e-02
7.720000000000000000e+02 1.215012724677446906e-02
7.760000000000000000e+02 1.396922404366073532e-02
7.800000000000000000e+02 1.615065466677878189e-02
7.840000000000000000e+02 1.795966621458880766e-02
7.880000000000000000e+02 2.009528404969682797e-02
7.920000000000000000e+02 2.200676712109848540e-02
7.960000000000000000e+02 2.495772299900227836e-02
8.000000000000000000e+02 2.786569640259947342e-02
8.040000000000000000e+02 3.094769560985168380e-02
8.080000000000000000e+02 3.459107688777175033e-02
8.120000000000000000e+02 3.838581093279443829e-02
8.160000000000000000e+02 4.191864327767376441e-02
8.200000000000000000e+02 4.529306032400044063e-02
8.240000000000000000e+02 4.817022082697747926e-02
8.280000000000000000e+02 5.084078139256818785e-02
8.320000000000000000e+02 5.367014876134464790e-02
8.360000000000000000e+02 5.681690650536711656e-02
8.400000000000000000e+02 6.073630403463495947e-02
8.440000000000000000e+02 6.527808534567956789e-02
8.480000000000000000e+02 7.121091461844948622e-02
8.520000000000000000e+02 7.806188722765571020e-02
8.560000000000000000e+02 8.565409419348872511e-02
8.600000000000000000e+02 9.234952237596859292e-02
8.640000000000000000e+02 9.796001316520783209e-02
8.680000000000000000e+02 1.016550365466202394e-01
8.720000000000000000e+02 1.041943186536170157e-01
8.760000000000000000e+02 1.058554593660479132e-01
8.800000000000000000e+02 1.064056349679834285e-01
8.840000000000000000e+02 1.078210329669510859e-01
8.880000000000000000e+02 1.104796681818816517e-01
8.920000000000000000e+02 1.151195808383287805e-01
8.960000000000000000e+02 1.224201900747000638e-01
9.000000000000000000e+02 1.319235359076911251e-01
9.040000000000000000e+02 1.438051677817781260e-01
9.080000000000000000e+02 1.559111108560790049e-01
9.120000000000000000e+02 1.680313938952006370e-01
9.160000000000000000e+02 1.778218712745772423e-01
9.200000000000000000e+02 1.846995375055956734e-01
9.240000000000000000e+02 1.873285236660200137e-01
9.280000000000000000e+02 1.855207447664269926e-01
9.320000000000000000e+02 1.813219917417080440e-01
9.360000000000000000e+02 1.765440042143650856e-01
9.400000000000000000e+02 1.718225357146217769e-01
9.440000000000000000e+02 1.695093637917469143e-01
9.480000000000000000e+02 1.703521413828320008e-01
9.520000000000000000e+02 1.747542289129985493e-01
9.560000000000000000e+02 1.821563504973976177e-01
9.600000000000000000e+02 1.934556347434032986e-01
9.640000000000000000e+02 2.090074862987297277e-01
9.680000000000000000e+02 2.280075695911153444e-01
9.720000000000000000e+02 2.468593220327154614e-01
9.760000000000000000e+02 2.663032826686410615e-01
9.800000000000000000e+02 2.819710213992711045e-01
9.840000000000000000e+02 2.931587409197867200e-01
9.880000000000000000e+02 2.968351086404679151e-01
9.920000000000000000e+02 2.937302391891422060e-01
9.960000000000000000e+02 2.853156612806838632e-01
1.000000000000000000e+03 2.733240416921388638e-01
1.004000000000000000e+03 2.602919811723069521e-01
1.008000000000000000e+03 2.474788129640476952e-01
1.012000000000000000e+03 2.369349801853547210e-01
1.016000000000000000e+03 2.310253384818290456e-01
1.020000000000000000e+03 2.279635171732885823e-01
1.024000000000000000e+03 2.296543853491535281e-01
1.028000000000000000e+03 2.356456015899881240e-01
1.032000000000000000e+03 2.455743001676628234e-01
1.036000000000000000e+03 2.607270534657420979e-01
1.040000000000000000e+03 2.797732061330375775e-01
1.044000000000000000e+03 3.031232571027164813e-01
1.048000000000000000e+03 3.286823610461509504e-01
1.052000000000000000e+03 3.561722933875515751e-01
1.056000000000000000e+03 3.812511536456671957e-01
1.060000000000000000e+03 4.013329980105358463e-01
1.064000000000000000e+03 4.151628404872692024e-01
1.068000000000000000e+03 4.210181295487011033e-01
1.072000000000000000e+03 4.172291816537985754e-01
1.076000000000000000e+03 4.058088640183741824e-01
1.080000000000000000e+03 3.890559018513953804e-01
1.084000000000000000e+03 3.678974629982640909e-01
1.088000000000000000e+03 3.462618127589190409e-01
1.092000000000000000e+03 3.261445313396554857e-01
1.096000000000000000e+03 3.079355087634599863e-01
1.100000000000000000e+03 2.939639425635687253e-01
1.104000000000000000e+03 2.834680448109223039e-01
1.108000000000000000e+03 2.773380279848988716e-01
1.112000000000000000e+03 2.760772571899524075e-01
1.116000000000000000e+03 2.780249418981660670e-01
1.120000000000000000e+03 2.840119257826567156e-01
1.124000000000000000e+03 2.944124852033040973e-01
1.128000000000000000e+03 3.088923236416966089e-01
1.132000000000000000e+03 3.278262246555774251e-01
1.136000000000000000e+03 3.507282608935214374e-01
1.140000000000000000e+03 3.778097253259897759e-01
1.144000000000000000e+03 4.080352795819015554e-01
1.148000000000000000e+03 4.397950048331147888e-01
1.152000000000000000e+03 4.702396464322449177e-01
1.156000000000000000e+03 4.989644816302606367e-01
1.160000000000000000e+03 5.211225346610435238e-01
1.164000000000000000e+03 5.366842020254689594e-01
1.168000000000000000e+03 5.428786606296235329e-01
1.172000000000000000e+03 5.404412980679678125e-01
1.176000000000000000e+03 5.289424551597439184e-01
1.180000000000000000e+03 5.102146090962949021e-01
1.184000000000000000e+03 4.860972815200170771e-01
1.188000000000000000e+03 4.599929151817416240e-01
1.192000000000000000e+03 4.323664370522170008e-01
1.196000000000000000e+03 4.062074738124561990e-01
1.200000000000000000e+03 3.827213594790312423e-01
1.204000000000000000e+03 3.626633340238685221e-01
1.208000000000000000e+03 3.453848006636508483e-01
1.212000000000000000e+03 3.321850438022056484e-01
1.216000000000000000e+03 3.217559780115697432e-01
1.220000000000000000e+03 3.156899674462201322e-01
1.224000000000000000e+03 3.121820206600054992e-01
1.228000000000000000e+03 3.127399456912549058e-01
1.232000000000000000e+03 3.159493825925900889e-01
1.236000000000000000e+03 3.218746997283485900e-01
1.240000000000000000e+03 3.318135450948115905e-01
1.244000000000000000e+03 3.442502227734749454e-01
1.248000000000000000e+03 3.615559535873218988e-01
1.252000000000000000e+03 3.807097002049724122e-01
1.256000000000000000e+03 4.042002507149510260e-01
1.260000000000000000e+03 4.310417144343627327e-01
1.264000000000000000e+03 4.600551861238528772e-01
1.268000000000000000e+03 4.915489006111147252e-01
1.272000000000000000e+03 5.244270269305348897e-01
1.276000000000000000e+03 5.561107870603252401e-01
1.280000000000000000e+03 5.859917506578509183e-01
1.284000000000000000e+03 6.113524265882630537e-01
1.288000000000000000e+03 6.317114171046553928e-01
1.292000000000000000e+03 6.453269883269907581e-01
1.296000000000000000e+03 6.505961342082455801e-01
1.300000000000000000e+03 6.476661705166061322e-01
1.304000000000000000e+03 6.368576262342640071e-01
1.308000000000000000e+03 6.194331347039607749e-01
1.312000000000000000e+03 5.968489568444851345e-01
1.316000000000000000e+03 5.707668974220525548e-01
1.320000000000000000e+03 5.431963980732489317e-01
1.324000000000000000e+03 5.143670848255321726e-01
1.328000000000000000e+03 4.858227876722256977e-01
1.332000000000000000e+03 4.601888829988415308e-01
1.336000000000000000e+03 4.358987433858750871e-01
1.340000000000000000e+03 4.145697833227993123e-01
1.344000000000000000e+03 3.954355911857794226e-01
1.348000000000000000e+03 3.796085554338999302e-01
1.352000000000000000e+03 3.670004962674267568e-01
1.356000000000000000e+03 3.563181021667047310e-01
1.360000000000000000e+03 3.484221243048558070e-01
1.364000000000000000e+03 3.424521766017141200e-01
1.368000000000000000e+03 3.396264643433431485e-01
1.372000000000000000e+03 3.387020854368653078e-01
1.376000000000000000e+03 3.390854161111572229e-01
1.380000000000000000e+03 3.423266585765737946e-01
1.384000000000000000e+03 3.480053503066632969e-01
1.388000000000000000e+03 3.554517827425726639e-01
1.392000000000000000e+03 3.650726800264775807e-01
1.396000000000000000e+03 3.769723289980863590e-01
1.400000000000000000e+03 3.910947824946272577e-01
1.404000000000000000e+03 4.078265889995291160e-01
1.408000000000000000e+03 4.276795316464626073e-01
1.412000000000000000e+03 4.487047055952663177e-01
1.416000000000000000e+03 4.722079070102468412e-01
1.420000000000000000e+03 4.984512751833403144e-01
1.424000000000000000e+03 5.258714782487486916e-01
1.428000000000000000e+03 5.555400835356910649e-01
1.432000000000000000e+03 5.852187592961066720e-01
1.436000000000000000e+03 6.141531661429695532e-01
1.440000000000000000e+03 6.427171290543588489e-01
1.444000000000000000e+03 6.690160720681941342e-01
1.448000000000000000e+03 6.925525396485860963e-01
1.452000000000000000e+03 7.116515047308793473e-01
1.456000000000000000e+03 7.252771858214679401e-01
1.460000000000000000e+03 7.338541453998251862e-01
1.464000000000000000e+03 7.351850907286969772e-01
1.468000000000000000e+03 7.318956292195425428e-01
1.472000000000000000e+03 7.223275795554311429e-01
1.476000000000000000e+03 7.080158417319669661e-01
1.480000000000000000e+03 6.890395984761662485e-01
1.484000000000000000e+03 6.671537729028459429e-01
1.488000000000000000e+03 6.423194510165578519e-01
1.492000000000000000e+03 6.162474610529827812e-01
1.496000000000000000e+03 5.899879303205939340e-01
1.500000000000000000e+03 5.635811170364749545e-01
1.504000000000000000e+03 5.377814859769904920e-01
1.508000000000000000e+03 5.138465130979379403e-01
1.512000000000000000e+03 4.906298631668555288e-01
1.516000000000000000e+03 4.700072979377522553e-01
1.520000000000000000e+03 4.512109097194204055e-01
1.524000000000000000e+03 4.341583797984830406e-01
1.528000000000000000e+03 4.190316211907887944e-01
1.532000000000000000e+03 4.061545651204396257e-01
1.536000000000000000e+03 3.941546216990512996e-01
1.540000000000000000e+03 3.839897285609157884e-01
1.544000000000000000e+03 3.758427508609870071e-01
1.548000000000000000e+03 3.701254908112587838e-01
1.552000000000000000e+03 3.648817955862124762e-01
1.556000000000000000e+03 3.611799552607696251e-01
1.560000000000000000e+03 3.582608157618873412e-01
1.564000000000000000e+03 3.573380092940742214e-01
1.568000000000000000e+03 3.574136784462449978e-01
1.572000000000000000e+03 3.591038109107560494e-01
1.576000000000000000e+03 3.618254984561750098e-01
1.580000000000000000e+03 3.654682553754531882e-01
1.584000000000000000e+03 3.712813144668796750e-01
1.588000000000000000e+03 3.773586467894107788e-01
1.592000000000000000e+03 3.853287115160200504e-01
1.596000000000000000e+03 3.947633750095352334e-01
1.600000000000000000e+03 4.057446920219917597e-01
1.604000000000000000e+03 4.171296745604822775e-01
1.608000000000000000e+03 4.312573598899371308e-01
1.612000000000000000e+03 4.462292854208477766e-01
1.616000000000000000e+03 4.620243283927582545e-01
1.620000000000000000e+03 4.799107943061042270e-01
1.624000000000000000e+03 4.988316653586459815e-01
1.628000000000000000e+03 5.198069775848687124e-01
1.632000000000000000e+03 5.419327929084074569e-01
1.636000000000000000e+03 5.643716708197324960e-01
1.640000000000000000e+03 5.888548264764253970e-01
1.644000000000000000e+03 6.126105234207731565e-01
1.648000000000000000e+03 6.374336319421018970e-01
1.652000000000000000e+03 6.624539275156278162e-01
1.656000000000000000e+03 6.858635545052630400e-01
1.660000000000000000e+03 7.091703834729597977e-01
1.664000000000000000e+03 7.300712978869537961e-01
1.668000000000000000e+03 7.499746974283328926e-01
1.672000000000000000e+03 7.662636996590272975e-01
1.676000000000000000e+03 7.798787357224885586e-01
1.680000000000000000e+03 7.897248677051096344e-01
1.684000000000000000e+03 7.959914193930119897e-01
1.688000000000000000e+03 7.988001182850864579e-01
1.692000000000000000e+03 7.980459042274216097e-01
1.696000000000000000e+03 7.926371102617573161e-01
1.700000000000000000e+03 7.847221224265981121e-01
1.704000000000000000e+03 7.729270137163422039e-01
1.708000000000000000e+03 7.578218280734316803e-01
1.712000000000000000e+03 7.412712865700455955e-01
1.716000000000000000e+03 7.223704077133210610e-01
1.720000000000000000e+03 7.022757475500742697e-01
1.724000000000000000e+03 6.810087465900513948e-01
1.728000000000000000e+03 6.589423694661005193e-01
1.732000000000000000e+03 6.375112346635640748e-01
1.736000000000000000e+03 6.154300031785611136e-01
1.740000000000000000e+03 5.938404819174910587e-01
1.744000000000000000e+03 5.733405351638946046e-01
1.748000000000000000e+03 5.537773733996183001e-01
1.752000000000000000e+03 5.345329201033874877e-01
1.756000000000000000e+03 5.172319225068269244e-01
1.760000000000000000e+03 4.999743490692172831e-01
1.764000000000000000e+03 4.842931504707040369e-01
1.768000000000000000e+03 4.703106604726227102e-01
1.772000000000000000e+03 4.567473873791290662e-01
1.776000000000000000e+03 4.448425003716816040e-01
1.780000000000000000e+03 4.335349234851098577e-01
1.784000000000000000e+03 4.233037280701969496e-01
1.788000000000000000e+03 4.140784241333117510e-01
1.792000000000000000e+03 4.065377896552708759e-01
1.796000000000000000e+03 3.994989313677929088e-01
1.800000000000000000e+03 3.923207233376835856e-01
1.804000000000000000e+03 3.871673221160598088e-01
1.808000000000000000e+03 3.823908335052560448e-01
1.812000000000000000e+03 3.788119734440225095e-01
1.816000000000000000e+03 3.757508951307420575e-01
1.820000000000000000e+03 3.727870122493411875e-01
1.824000000000000000e+03 3.716625211479422930e-01
1.828000000000000000e+03 3.706706786883370852e-01
1.832000000000000000e+03 3.700826657973839695e-01
1.836000000000000000e+03 3.702912245613311226e-01
1.840000000000000000e+03 3.712702919309137650e-01
1.844000000000000000e+03 3.737757855437371379e-01
1.848000000000000000e+03 3.758857937446269948e-01
1.852000000000000000e+03 3.789936037827189019e-01
1.856000000000000000e+03 3.826615425568414830e-01
1.860000000000000000e+03 3.865459503600958691e-01
1.864000000000000000e+03 3.918206858402646375e-01
1.868000000000000000e+03 3.978661640103294816e-01
1.872000000000000000e+03 4.044944745377746509e-01
1.876000000000000000e+03 4.111616812872863069e-01
1.880000000000000000e+03 4.191645816498593136e-01
1.884000000000000000e+03 4.272827262634408263e-01
1.888000000000000000e+03 4.364136518584575963e-01
1.892000000000000000e+03 4.469943740304559987e-01
1.896000000000000000e+03 4.579590267621583832e-01
1.900000000000000000e+03 4.694998002656300407e-01
1.904000000000000000e+03 4.811842449373781583e-01
1.908000000000000000e+03 4.945981058117344675e-01
1.912000000000000000e+03 5.083168881313973042e-01
1.916000000000000000e+03 5.230088606360858705e-01
1.920000000000000000e+03 5.384017321330134553e-01
1.924000000000000000e+03 5.543860703612246699e-01
1.928000000000000000e+03 5.708990594467081570e-01
1.932000000000000000e+03 5.880182185032296616e-01
1.936000000000000000e+03 6.062385673206827086e-01
1.940000000000000000e+03 6.244576345735955991e-01
1.944000000000000000e+03 6.430455556238154902e-01
1.948000000000000000e+03 6.610277085923897955e-01
1.952000000000000000e+03 6.804178372847257128e-01
1.956000000000000000e+03 6.987583877855951808e-01
1.960000000000000000e+03 7.166989522068526464e-01
1.964000000000000000e+03 7.338221275349359196e-01
1.968000000000000000e+03 7.514689927902123978e-01
1.972000000000000000e+03 7.674513780507261629e-01
1.976000000000000000e+03 7.825002425202749468e-01
1.980000000000000000e+03 7.959488178020855953e-01
1.984000000000000000e+03 8.080146691844153350e-01
1.988000000000000000e+03 8.192275438654433861e-01
1.992000000000000000e+03 8.274235047284012046e-01
1.996000000000000000e+03 8.348111722611832874e-01
2.000000000000000000e+03 8.394691435968504312e-01
2.004000000000000000e+03 8.422859672897701211e-01
2.008000000000000000e+03 8.438946798210181788e-01
2.012000000000000000e+03 8.426943709778436098e-01
2.016000000000000000e+03 8.392712265366681912e-01
2.020000000000000000e+03 8.342216526637240559e-01
2.024000000000000000e+03 8.263958984789736562e-01
2.028000000000000000e+03 8.176135354627221963e-01
2.032000000000000000e+03 8.075009022740026188e-01
2.036000000000000000e+03 7.963503612924703878e-01
2.040000000000000000e+03 7.829437690025597973e-01
2.044000000000000000e+03 7.691789054045465868e-01
2.048000000000000000e+03 7.547354741645645460e-01
2.052000000000000000e+03 7.392726855205111747e-01
2.056000000000000000e+03 7.230253664108553524e-01
2.060000000000000000e+03 7.071489301107944936e-01
2.064000000000000000e+03 6.905174256242133657e-01
2.068000000000000000e+03 6.750706362117578907e-01
2.072000000000000000e+03 6.585740420308431320e-01
2.076000000000000000e+03 6.424803672995088588e-01
2.080000000000000000e+03 6.265172754541353806e-01
2.084000000000000000e+03 6.105724985382242620e-01
2.088000000000000000e+03 5.960684066838385364e-01
2.092000000000000000e+03 5.815641780048620424e-01
2.096000000000000000e+03 5.669791087050736200e-01
2.100000000000000000e+03 5.534265516189482703e-01
2.104000000000000000e+03 5.408930508443704488e-01
2.108000000000000000e+03 5.279336722639229595e-01
2.112000000000000000e+03 5.167869002311863413e-01
2.116000000000000000e+03 5.050333737743223361e-01
2.120000000000000000e+03 4.944155315394525574e-01
2.124000000000000000e+03 4.841395725094337910e-01
2.128000000000000000e+03 4.745882474450677790e-01
2.132000000000000000e+03 4.660520763111387077e-01
2.136000000000000000e+03 4.569708399493678241e-01
2.140000000000000000e+03 4.494239993818288648e-01
2.144000000000000000e+03 4.416967292299214809e-01
2.148000000000000000e+03 4.346737490067688059e-01
2.152000000000000000e+03 4.284253281386343204e-01
2.156000000000000000e+03 4.223293300388269444e-01
2.160000000000000000e+03 4.166351184503773730e-01
2.164000000000000000e+03 4.119404425049251195e-01
2.168000000000000000e+03 4.066506558349739509e-01
2.172000000000000000e+03 4.028460624858086203e-01
2.176000000000000000e+03 3.990094235549229151e-01
2.180000000000000000e+03 3.956425132043728810e-01
2.184000000000000000e+03 3.927283149399275475e-01
2.188000000000000000e+03 3.897939907165450801e-01
2.192000000000000000e+03 3.869299092164346088e-01
2.196000000000000000e+03 3.850668221778359435e-01
