6.000000000000000000e+02 4.024677847582470947e-04
6.040000000000000000e+02 6.139305489189122219e-04
6.080000000000000000e+02 1.437866660701074681e-03
6.120000000000000000e+02 1.151709678154187863e-03
6.160000000000000000e+02 1.307476272014271258e-03
6.200000000000000000e+02 2.072667760456606799e-03
6.240000000000000000e+02 2.065424627659976677e-03
6.280000000000000000e+02 3.272994379972119297e-03
6.320000000000000000e+02 3.867674434587842040e-03
6.360000000000000000e+02 4.907320158722462862e-03
6.400000000000000000e+02 5.997387946398743952e-03
6.440000000000000000e+02 6.858819289391692407e-03
6.480000000000000000e+02 7.919760984028925699e-03
6.520000000000000000e+02 9.949499999058071184e-03
6.560000000000000000e+02 1.191050772060021912e-02
6.600000000000000000e+02 1.413790235082881992e-02
6.640000000000000000e+02 1.645600189867743937e-02
6.680000000000000000e+02 1.828861629431602701e-02
6.720000000000000000e+02 2.082129309074898585e-02
6.760000000000000000e+02 2.372003344431034694e-02
6.800000000000000000e+02 2.741479655747832561e-02
6.840000000000000000e+02 3.070751746169015153e-02
6.880000000000000000e+02 3.461073396158151350e-02
6.920000000000000000e+02 3.880698462492893075e-02
6.960000000000000000e+02 4.270389863497036503e-02
7.000000000000000000e+02 4.788241160556736681e-02
7.040000000000000000e+02 5.339121838312176072e-02
7.080000000000000000e+02 5.943690276446708665e-02
7.120000000000000000e+02 6.511754882390813348e-02
7.160000000000000000e+02 6.989594336780897976e-02
7.200000000000000000e+02 7.469342651681229461e-02
7.240000000000000000e+02 7.942315942168012843e-02
7.280000000000000000e+02 8.358176808083041254e-02
7.320000000000000000e+02 8.785542221732625667e-02
7.360000000000000000e+02 9.238757266848771077e-02
7.400000000000000000e+02 9.824130864701474675e-02
7.440000000000000000e+02 1.056216701052523077e-01
7.480000000000000000e+02 1.134768885001031374e-01
7.520000000000000000e+02 1.226454984212153737e-01
7.560000000000000000e+02 1.336049751550775211e-01
7.600000000000000000e+02 1.442539997482702174e-01
7.640000000000000000e+02 1.537748173073492097e-01
7.680000000000000000e+02 1.630581933271085526e-01
7.720000000000000000e+02 1.698761257918045831e-01
7.760000000000000000e+02 1.752325951500100232e-01
7.800000000000000000e+02 1.781066954319008300e-01
7.840000000000000000e+02 1.792437435173712124e-01
7.880000000000000000e+02 1.806787873802258304e-01
7.920000000000000000e+02 1.814912355603778560e-01
7.960000000000000000e+02 1.833880355204124679e-01
8.000000000000000000e+02 1.864562552137644658e-01
8.040000000000000000e+02 1.914227716711373040e-01
8.080000000000000000e+02 1.993409087576177574e-01
8.120000000000000000e+02 2.090363633039816205e-01
8.160000000000000000e+02 2.217336004857677900e-01
8.200000000000000000e+02 2.365084622031923267e-01
8.240000000000000000e+02 2.526482826511520230e-01
8.280000000000000000e+02 2.699665360549747817e-01
8.320000000000000000e+02 2.860752493883210734e-01
8.360000000000000000e+02 3.009781350103079012e-01
8.400000000000000000e+02 3.122326806212865624e-01
8.440000000000000000e+02 3.195484211792871121e-01
8.480000000000000000e+02 3.216009263479896463e-01
8.520000000000000000e+02 3.189064779844936193e-01
8.560000000000000000e+02 3.135728339633598871e-01
8.600000000000000000e+02 3.064130001337829201e-01
8.640000000000000000e+02 2.993165857578123368e-01
8.680000000000000000e+02 2.922138971038439337e-01
8.720000000000000000e+02 2.874899773692854987e-01
8.760000000000000000e+02 2.843328989759011938e-01
8.800000000000000000e+02 2.847173530463835145e-01
8.840000000000000000e+02 2.867512785152412369e-01
8.880000000000000000e+02 2.922625259580861612e-01
8.920000000000000000e+02 3.005547268724105270e-01
8.960000000000000000e+02 3.119065048385685213e-01
9.000000000000000000e+02 3.269988419076887975e-01
9.040000000000000000e+02 3.445113972453185958e-01
9.080000000000000000e+02 3.643190638691121697e-01
9.120000000000000000e+02 3.871318364731802242e-01
9.160000000000000000e+02 4.094319562517699795e-01
9.200000000000000000e+02 4.322930394073372651e-01
9.240000000000000000e+02 4.526992676252812320e-01
9.280000000000000000e+02 4.693361525191063199e-01
9.320000000000000000e+02 4.806551070780294976e-01
9.360000000000000000e+02 4.851300778902542521e-01
9.400000000000000000e+02 4.834977438755699852e-01
9.440000000000000000e+02 4.758769116455512371e-01
9.480000000000000000e+02 4.646127390799455470e-01
9.520000000000000000e+02 4.500401498053302474e-01
9.560000000000000000e+02 4.345320671531908707e-01
9.600000000000000000e+02 4.188446934380428699e-01
9.640000000000000000e+02 4.040041477926265556e-01
9.680000000000000000e+02 3.915094298813437401e-01
9.720000000000000000e+02 3.818767531826865458e-01
9.760000000000000000e+02 3.737633508527741788e-01
9.800000000000000000e+02 3.679689558709845487e-01
9.840000000000000000e+02 3.657199252768825182e-01
9.880000000000000000e+02 3.659089941882105457e-01
9.920000000000000000e+02 3.692331691309234110e-01
9.960000000000000000e+02 3.749630847539466294e-01
1.000000000000000000e+03 3.839268393140218283e-01
1.004000000000000000e+03 3.946014936125867290e-01
1.008000000000000000e+03 4.089415183952180843e-01
1.012000000000000000e+03 4.260066204003074009e-01
1.016000000000000000e+03 4.458012210069978165e-01
1.020000000000000000e+03 4.680625750502285243e-01
1.024000000000000000e+03 4.909857506138582961e-01
1.028000000000000000e+03 5.167177732054307748e-01
1.032000000000000000e+03 5.420211082172280426e-01
1.036000000000000000e+03 5.655981410102325357e-01
1.040000000000000000e+03 5.881617931566116564e-01
1.044000000000000000e+03 6.069348574953208342e-01
1.048000000000000000e+03 6.216342019614951031e-01
1.052000000000000000e+03 6.301811370737149254e-01
1.056000000000000000e+03 6.331582202991246078e-01
1.060000000000000000e+03 6.291978140235376937e-01
1.064000000000000000e+03 6.206747164279844409e-01
1.068000000000000000e+03 6.074436363814590401e-01
1.072000000000000000e+03 5.904362817945953967e-01
1.076000000000000000e+03 5.724705386179029798e-01
1.080000000000000000e+03 5.520661399575957917e-01
1.084000000000000000e+03 5.322829363473532416e-01
1.088000000000000000e+03 5.132208566759005608e-01
1.092000000000000000e+03 4.960303748989346451e-01
1.096000000000000000e+03 4.793170291391842253e-01
1.100000000000000000e+03 4.656294060506680488e-01
1.104000000000000000e+03 4.529989413422073619e-01
1.108000000000000000e+03 4.432736366261406658e-01
1.112000000000000000e+03 4.348050610029418062e-01
1.116000000000000000e+03 4.288768243145225090e-01
1.120000000000000000e+03 4.255945364103644879e-01
1.124000000000000000e+03 4.230956328638488806e-01
1.128000000000000000e+03 4.238856776458921893e-01
1.132000000000000000e+03 4.257276911028999300e-01
1.136000000000000000e+03 4.306785836998953676e-01
1.140000000000000000e+03 4.368779439575803947e-01
1.144000000000000000e+03 4.441968131378333795e-01
1.148000000000000000e+03 4.550379811473589386e-01
1.152000000000000000e+03 4.665615091342810716e-01
1.156000000000000000e+03 4.806338574859156942e-01
1.160000000000000000e+03 4.963917182324937838e-01
1.164000000000000000e+03 5.144138754457884266e-01
1.168000000000000000e+03 5.334205665736103663e-01
1.172000000000000000e+03 5.538178108900856378e-01
1.176000000000000000e+03 5.758680416043215899e-01
1.180000000000000000e+03 5.991585034315581870e-01
1.184000000000000000e+03 6.218056920574107638e-01
1.188000000000000000e+03 6.449214146574727691e-01
1.192000000000000000e+03 6.670380996758072945e-01
1.196000000000000000e+03 6.874992138057222091e-01
1.200000000000000000e+03 7.055544317823987388e-01
1.204000000000000000e+03 7.216040693560481500e-01
1.208000000000000000e+03 7.326872287898525959e-01
1.212000000000000000e+03 7.406782457001336306e-01
1.216000000000000000e+03 7.439454867502940383e-01
1.220000000000000000e+03 7.437892531507954708e-01
1.224000000000000000e+03 7.380527896532016463e-01
1.228000000000000000e+03 7.295041676959590493e-01
1.232000000000000000e+03 7.178954560109052085e-01
1.236000000000000000e+03 7.027232217865594377e-01
1.240000000000000000e+03 6.858280951928038549e-01
1.244000000000000000e+03 6.681543611073184064e-01
1.248000000000000000e+03 6.494145638838887402e-01
1.252000000000000000e+03 6.297426113897844902e-01
1.256000000000000000e+03 6.114261441253067142e-01
1.260000000000000000e+03 5.927487352045458513e-01
1.264000000000000000e+03 5.750910536947128060e-01
1.268000000000000000e+03 5.582816825887594314e-01
1.272000000000000000e+03 5.428280412401886856e-01
1.276000000000000000e+03 5.294134778329927515e-01
1.280000000000000000e+03 5.170888397933002256e-01
1.284000000000000000e+03 5.048182047485405555e-01
1.288000000000000000e+03 4.951664029387256583e-01
1.292000000000000000e+03 4.863512013620902019e-01
1.296000000000000000e+03 4.796019345868523520e-01
1.300000000000000000e+03 4.734395170921271156e-01
1.304000000000000000e+03 4.686176159128770946e-01
1.308000000000000000e+03 4.650768655250739902e-01
1.312000000000000000e+03 4.631808680566336101e-01
1.316000000000000000e+03 4.618684019229911120e-01
1.320000000000000000e+03 4.618488380071043564e-01
1.324000000000000000e+03 4.629768586792185614e-01
1.328000000000000000e+03 4.662432891134589141e-01
1.332000000000000000e+03 4.689437437518432228e-01
1.336000000000000000e+03 4.741355774005115986e-01
1.340000000000000000e+03 4.801702279058406853e-01
1.344000000000000000e+03 4.871709108698596413e-01
1.348000000000000000e+03 4.945127707792809635e-01
1.352000000000000000e+03 5.036900693994552647e-01
1.356000000000000000e+03 5.138283252880689878e-01
1.360000000000000000e+03 5.253210567478501236e-01
1.364000000000000000e+03 5.378866682748365546e-01
1.368000000000000000e+03 5.512947568474110271e-01
1.372000000000000000e+03 5.650602444441688021e-01
1.376000000000000000e+03 5.809382559005097368e-01
1.380000000000000000e+03 5.968654057429131354e-01
1.384000000000000000e+03 6.130786308668669804e-01
1.388000000000000000e+03 6.312221969451377035e-01
1.392000000000000000e+03 6.491043725450723612e-01
1.396000000000000000e+03 6.668759580464007630e-01
1.400000000000000000e+03 6.847451201381919983e-01
1.404000000000000000e+03 7.036939913034018224e-01
1.408000000000000000e+03 7.213509883605214723e-01
1.412000000000000000e+03 7.377065560222246798e-01
1.416000000000000000e+03 7.539252615694519433e-01
1.420000000000000000e+03 7.690977662420160899e-01
1.424000000000000000e+03 7.819931414786460699e-01
1.428000000000000000e+03 7.939870658936195591e-01
1.432000000000000000e+03 8.034700691341202239e-01
1.436000000000000000e+03 8.110403214730388388e-01
1.440000000000000000e+03 8.155017235715760204e-01
1.444000000000000000e+03 8.180073497185494924e-01
1.448000000000000000e+03 8.182341937260094733e-01
1.452000000000000000e+03 8.166769722433623313e-01
1.456000000000000000e+03 8.120261036864460102e-01
1.460000000000000000e+03 8.048974470525561697e-01
1.464000000000000000e+03 7.965828203880912506e-01
1.468000000000000000e+03 7.859449668583952109e-01
1.472000000000000000e+03 7.741861765601073531e-01
1.476000000000000000e+03 7.619278335220097675e-01
1.480000000000000000e+03 7.482495728381545197e-01
1.484000000000000000e+03 7.334791137118574778e-01
1.488000000000000000e+03 7.188979668356393349e-01
1.492000000000000000e+03 7.035114658594503467e-01
1.496000000000000000e+03 6.882402010944209669e-01
1.500000000000000000e+03 6.724126632339697540e-01
1.504000000000000000e+03 6.583246059957122975e-01
1.508000000000000000e+03 6.433408328307345103e-01
1.512000000000000000e+03 6.296471776577380330e-01
1.516000000000000000e+03 6.157318303443208851e-01
1.520000000000000000e+03 6.031723812067089074e-01
1.524000000000000000e+03 5.909906344925319743e-01
1.528000000000000000e+03 5.789970001143371903e-01
1.532000000000000000e+03 5.682894984943737127e-01
1.536000000000000000e+03 5.579818466736936600e-01
1.540000000000000000e+03 5.489844214258324806e-01
1.544000000000000000e+03 5.399414065466699997e-01
1.548000000000000000e+03 5.319508160702097754e-01
1.552000000000000000e+03 5.247411178184261393e-01
1.556000000000000000e+03 5.183867074807104736e-01
1.560000000000000000e+03 5.117547780719339245e-01
1.564000000000000000e+03 5.065996953063108821e-01
1.568000000000000000e+03 5.019430933747590640e-01
1.572000000000000000e+03 4.977117037792437304e-01
1.576000000000000000e+03 4.942002301607401615e-01
1.580000000000000000e+03 4.914253535112932947e-01
1.584000000000000000e+03 4.897520028400352277e-01
1.588000000000000000e+03 4.880078419522373978e-01
1.592000000000000000e+03 4.874214617564694429e-01
1.596000000000000000e+03 4.866583923191254990e-01
1.600000000000000000e+03 4.870513418821396101e-01
1.604000000000000000e+03 4.870466944870104897e-01
1.608000000000000000e+03 4.885270652877123365e-01
1.612000000000000000e+03 4.903987937039747669e-01
1.616000000000000000e+03 4.928385121478717212e-01
1.620000000000000000e+03 4.949780685241786382e-01
1.624000000000000000e+03 4.985573452295340990e-01
1.628000000000000000e+03 5.027177961052882171e-01
1.632000000000000000e+03 5.065828449119749166e-01
1.636000000000000000e+03 5.119415700017256876e-01
1.640000000000000000e+03 5.173893486814841181e-01
1.644000000000000000e+03 5.227233251927467794e-01
1.648000000000000000e+03 5.294038000225574914e-01
1.652000000000000000e+03 5.362779634680776564e-01
1.656000000000000000e+03 5.436480791215542174e-01
1.660000000000000000e+03 5.519648852296205055e-01
1.664000000000000000e+03 5.601263936142185651e-01
1.668000000000000000e+03 5.693545620873025070e-01
1.672000000000000000e+03 5.777592800664337336e-01
1.676000000000000000e+03 5.879060206082381557e-01
1.680000000000000000e+03 5.983945472387677267e-01
1.684000000000000000e+03 6.081871627998088892e-01
1.688000000000000000e+03 6.194678355620784060e-01
1.692000000000000000e+03 6.305385236208551625e-01
1.696000000000000000e+03 6.420425548269241833e-01
1.700000000000000000e+03 6.544613603444239258e-01
1.704000000000000000e+03 6.663001425342078843e-01
1.708000000000000000e+03 6.783225656691418415e-01
1.712000000000000000e+03 6.909239262853905661e-01
1.716000000000000000e+03 7.043258900917797050e-01
1.720000000000000000e+03 7.161454536229384660e-01
1.724000000000000000e+03 7.292557263373151688e-01
1.728000000000000000e+03 7.418249677192675362e-01
1.732000000000000000e+03 7.537460614160313987e-01
1.736000000000000000e+03 7.663066662619719693e-01
1.740000000000000000e+03 7.776904440436958055e-01
1.744000000000000000e+03 7.889435959352700811e-01
1.748000000000000000e+03 7.997228049999887123e-01
1.752000000000000000e+03 8.094514010888830269e-01
1.756000000000000000e+03 8.194726834234081769e-01
1.760000000000000000e+03 8.279658971194122641e-01
1.764000000000000000e+03 8.361018498347109196e-01
1.768000000000000000e+03 8.428312261302977060e-01
1.772000000000000000e+03 8.490241648760253890e-01
1.776000000000000000e+03 8.540664890102729334e-01
1.780000000000000000e+03 8.580890871382861329e-01
1.784000000000000000e+03 8.606752595973559128e-01
1.788000000000000000e+03 8.627763843217690631e-01
1.792000000000000000e+03 8.641792365644106466e-01
1.796000000000000000e+03 8.638311547164344573e-01
1.800000000000000000e+03 8.625080382681203917e-01
1.804000000000000000e+03 8.602347291721436084e-01
1.808000000000000000e+03 8.568224336364990146e-01
1.812000000000000000e+03 8.522512516017457518e-01
1.816000000000000000e+03 8.474424284994624967e-01
1.820000000000000000e+03 8.412852351397632766e-01
1.824000000000000000e+03 8.354605733146194257e-01
1.828000000000000000e+03 8.280994517786309794e-01
1.832000000000000000e+03 8.193700805258447017e-01
1.836000000000000000e+03 8.114114923752426822e-01
1.840000000000000000e+03 8.024250960369146979e-01
1.844000000000000000e+03 7.927151517248133272e-01
1.848000000000000000e+03 7.838030024550640684e-01
1.852000000000000000e+03 7.735692860525626990e-01
1.856000000000000000e+03 7.635258375730058500e-01
1.860000000000000000e+03 7.532579687305780425e-01
1.864000000000000000e+03 7.428911018589907655e-01
1.868000000000000000e+03 7.322838061793347508e-01
1.872000000000000000e+03 7.223917125058533228e-01
1.876000000000000000e+03 7.118432274629271639e-01
1.880000000000000000e+03 7.021536439774583860e-01
1.884000000000000000e+03 6.913122599203562757e-01
1.888000000000000000e+03 6.812899180160177925e-01
1.892000000000000000e+03 6.715593437109337316e-01
1.896000000000000000e+03 6.628109339597553218e-01
1.900000000000000000e+03 6.532489783617756451e-01
1.904000000000000000e+03 6.438709791255047277e-01
1.908000000000000000e+03 6.358291243214198030e-01
1.912000000000000000e+03 6.268923383473625766e-01
1.916000000000000000e+03 6.186705447874318864e-01
1.920000000000000000e+03 6.113201665381468031e-01
1.924000000000000000e+03 6.031826862118687682e-01
1.928000000000000000e+03 5.960269942975230384e-01
1.932000000000000000e+03 5.888496892144918782e-01
1.936000000000000000e+03 5.823033550726256502e-01
1.940000000000000000e+03 5.756013460897358991e-01
1.944000000000000000e+03 5.697539795356463266e-01
1.948000000000000000e+03 5.635710360461749779e-01
1.952000000000000000e+03 5.580744562898170003e-01
1.956000000000000000e+03 5.526873472971627343e-01
1.960000000000000000e+03 5.477931735890616549e-01
1.964000000000000000e+03 5.429352914185112677e-01
1.968000000000000000e+03 5.387034382827333712e-01
1.972000000000000000e+03 5.349809597256413030e-01
1.976000000000000000e+03 5.302740293181608111e-01
1.980000000000000000e+03 5.270470806371346795e-01
1.984000000000000000e+03 5.237815805285872539e-01
1.988000000000000000e+03 5.201845432244672773e-01
1.992000000000000000e+03 5.179608228828243011e-01
1.996000000000000000e+03 5.154238581184942269e-01
2.000000000000000000e+03 5.125451181863315275e-01
2.004000000000000000e+03 5.107812437814378548e-01
2.008000000000000000e+03 5.085120977079403692e-01
2.012000000000000000e+03 5.073280544689067195e-01
2.016000000000000000e+03 5.058728854926943796e-01
2.020000000000000000e+03 5.046239106093740601e-01
2.024000000000000000e+03 5.032828689890214147e-01
2.028000000000000000e+03 5.029154978383030272e-01
2.032000000000000000e+03 5.020288351757358214e-01
2.036000000000000000e+03 5.019034511626296879e-01
2.040000000000000000e+03 5.022632211523614387e-01
2.044000000000000000e+03 5.025934075157340031e-01
2.048000000000000000e+03 5.025969881749672297e-01
2.052000000000000000e+03 5.034439008778438529e-01
2.056000000000000000e+03 5.040728561053430257e-01
2.060000000000000000e+03 5.044744293231178123e-01
2.064000000000000000e+03 5.061934250698001403e-01
2.068000000000000000e+03 5.076612010179951673e-01
2.072000000000000000e+03 5.083765360669878497e-01
2.076000000000000000e+03 5.100155062861340127e-01
2.080000000000000000e+03 5.127483419469308634e-01
2.084000000000000000e+03 5.148438788758686879e-01
2.088000000000000000e+03 5.164643020575054866e-01
2.092000000000000000e+03 5.192726486969718724e-01
2.096000000000000000e+03 5.219917676150471753e-01
2.100000000000000000e+03 5.247435595584006851e-01
2.104000000000000000e+03 5.281857950472261809e-01
2.108000000000000000e+03 5.309962260437077752e-01
2.112000000000000000e+03 5.345827462936829644e-01
2.116000000000000000e+03 5.382286873733812538e-01
2.120000000000000000e+03 5.421528005700508857e-01
2.124000000000000000e+03 5.460392560333827694e-01
2.128000000000000000e+03 5.500043748156459023e-01
2.132000000000000000e+03 5.540891894359816217e-01
2.136000000000000000e+03 5.585698298471201140e-01
2.140000000000000000e+03 5.632942208916495996e-01
2.144000000000000000e+03 5.675447143379621640e-01
2.148000000000000000e+03 5.726568817207471351e-01
2.152000000000000000e+03 5.779767233441622798e-01
2.156000000000000000e+03 5.831193206760283410e-01
2.160000000000000000e+03 5.884406249333312688e-01
2.164000000000000000e+03 5.944380529322206286e-01
2.168000000000000000e+03 6.005617283265690665e-01
2.172000000000000000e+03 6.056860465999515108e-01
2.176000000000000000e+03 6.118807001451331828e-01
2.180000000000000000e+03 6.187429446594552296e-01
2.184000000000000000e+03 6.244265323312561122e-01
2.188000000000000000e+03 6.311203478512034115e-01
2.192000000000000000e+03 6.374523333969385197e-01
2.196000000000000000e+03 6.444277918472436362e-01
