6.000000000000000000e+02 1.218674356539604150e-03
6.040000000000000000e+02 1.634353642063411400e-03
6.080000000000000000e+02 2.951345324664061010e-03
6.120000000000000000e+02 3.531844920428412870e-03
6.160000000000000000e+02 3.672906034389251083e-03
6.200000000000000000e+02 5.376644336950262698e-03
6.240000000000000000e+02 5.648886211040426118e-03
6.280000000000000000e+02 7.440011295502481706e-03
6.320000000000000000e+02 8.328418148311901581e-03
6.360000000000000000e+02 1.032394138224832121e-02
6.400000000000000000e+02 1.230122641165233739e-02
6.440000000000000000e+02 1.520295094807107630e-02
6.480000000000000000e+02 1.769983018444282533e-02
6.520000000000000000e+02 2.012492939158877503e-02
6.560000000000000000e+02 2.295184047649086179e-02
6.600000000000000000e+02 2.537748419227507310e-02
6.640000000000000000e+02 2.909293483900001615e-02
6.680000000000000000e+02 3.312593925366438818e-02
6.720000000000000000e+02 3.791337005674447203e-02
6.760000000000000000e+02 4.307911816750392697e-02
6.800000000000000000e+02 4.780165957365486301e-02
6.840000000000000000e+02 5.253786936177771288e-02
6.880000000000000000e+02 5.592000748193237669e-02
6.920000000000000000e+02 5.927168177286422368e-02
6.960000000000000000e+02 6.318654651769280151e-02
7.000000000000000000e+02 6.887066645915759788e-02
7.040000000000000000e+02 7.478996573801152681e-02
7.080000000000000000e+02 8.313799095389846905e-02
7.120000000000000000e+02 9.280370008642438440e-02
7.160000000000000000e+02 1.030677886970652601e-01
7.200000000000000000e+02 1.109890991650115399e-01
7.240000000000000000e+02 1.176027034399828308e-01
7.280000000000000000e+02 1.201299554196993830e-01
7.320000000000000000e+02 1.218753240035790886e-01
7.360000000000000000e+02 1.223342307281189284e-01
7.400000000000000000e+02 1.241749016478794765e-01
7.440000000000000000e+02 1.284142189384198385e-01
7.480000000000000000e+02 1.352443984400541754e-01
7.520000000000000000e+02 1.448839040302152825e-01
7.560000000000000000e+02 1.577771118262459304e-01
7.600000000000000000e+02 1.742449698623774190e-01
7.640000000000000000e+02 1.915627927712176826e-01
7.680000000000000000e+02 2.071348751731842408e-01
7.720000000000000000e+02 2.195571758655046335e-01
7.760000000000000000e+02 2.248881672737476911e-01
7.800000000000000000e+02 2.238408294688231381e-01
7.840000000000000000e+02 2.178552268408350256e-01
7.880000000000000000e+02 2.112434722810294652e-01
7.920000000000000000e+02 2.052309039166309856e-01
7.960000000000000000e+02 2.023549338287097543e-01
8.000000000000000000e+02 2.022134790523519299e-01
8.040000000000000000e+02 2.057667590561216842e-01
8.080000000000000000e+02 2.140885990059145927e-01
8.120000000000000000e+02 2.275406510079935052e-01
8.160000000000000000e+02 2.452157133855754900e-01
8.200000000000000000e+02 2.665240802901919781e-01
8.240000000000000000e+02 2.925374122326961923e-01
8.280000000000000000e+02 3.187427293571182818e-01
8.320000000000000000e+02 3.420216120680603655e-01
8.360000000000000000e+02 3.581682621411325096e-01
8.400000000000000000e+02 3.648528247634711952e-01
8.440000000000000000e+02 3.603679464154082579e-01
8.480000000000000000e+02 3.487331448725193295e-01
8.520000000000000000e+02 3.327202539487589816e-01
8.560000000000000000e+02 3.155666371089808075e-01
8.600000000000000000e+02 3.001326979730478128e-01
8.640000000000000000e+02 2.886543691513931975e-01
8.680000000000000000e+02 2.795894269265146170e-01
8.720000000000000000e+02 2.758906628163365626e-01
8.760000000000000000e+02 2.766863231490533370e-01
8.800000000000000000e+02 2.812176861947816020e-01
8.840000000000000000e+02 2.911342573718266324e-01
8.880000000000000000e+02 3.047084906383527025e-01
8.920000000000000000e+02 3.245484753652001508e-01
8.960000000000000000e+02 3.481596823345269875e-01
9.000000000000000000e+02 3.766139922178019517e-01
9.040000000000000000e+02 4.090201860919994714e-01
9.080000000000000000e+02 4.416054293733088221e-01
9.120000000000000000e+02 4.724751270468992015e-01
9.160000000000000000e+02 4.972795181852909252e-01
9.200000000000000000e+02 5.118726239087297847e-01
9.240000000000000000e+02 5.158518646077155934e-01
9.280000000000000000e+02 5.077033260300640727e-01
9.320000000000000000e+02 4.909434716889183870e-01
9.360000000000000000e+02 4.685261893417915768e-01
9.400000000000000000e+02 4.434496556430462810e-01
9.440000000000000000e+02 4.181638419780727700e-01
9.480000000000000000e+02 3.953365324795733993e-01
9.520000000000000000e+02 3.758874128673085346e-01
9.560000000000000000e+02 3.609136056441165086e-01
9.600000000000000000e+02 3.495058858082187858e-01
9.640000000000000000e+02 3.411202052345391200e-01
9.680000000000000000e+02 3.371838485915049088e-01
9.720000000000000000e+02 3.374819025144624729e-01
9.760000000000000000e+02 3.403777711352062862e-01
9.800000000000000000e+02 3.477191560611172516e-01
9.840000000000000000e+02 3.593086213745541602e-01
9.880000000000000000e+02 3.741265783888589325e-01
9.920000000000000000e+02 3.926851355315781888e-01
9.960000000000000000e+02 4.157166568161552722e-01
1.000000000000000000e+03 4.420845405428412977e-01
1.004000000000000000e+03 4.719833715051062750e-01
1.008000000000000000e+03 5.046501031978961604e-01
1.012000000000000000e+03 5.387114263305595729e-01
1.016000000000000000e+03 5.719053231255305514e-01
1.020000000000000000e+03 6.019143582293051686e-01
1.024000000000000000e+03 6.272326822199839613e-01
1.028000000000000000e+03 6.439468067382384531e-01
1.032000000000000000e+03 6.513738032913612974e-01
1.036000000000000000e+03 6.488638215117826791e-01
1.040000000000000000e+03 6.371074003962680088e-01
1.044000000000000000e+03 6.172690689910832473e-01
1.048000000000000000e+03 5.926803733044240241e-01
1.052000000000000000e+03 5.662277477481646448e-01
1.056000000000000000e+03 5.381289213164774932e-01
1.060000000000000000e+03 5.101865262118848721e-01
1.064000000000000000e+03 4.856209971157893768e-01
1.068000000000000000e+03 4.622955660122471389e-01
1.072000000000000000e+03 4.429012230965277408e-01
1.076000000000000000e+03 4.254459724594678027e-01
1.080000000000000000e+03 4.111948314339506361e-01
1.084000000000000000e+03 4.005378726353160390e-01
1.088000000000000000e+03 3.920012158931432400e-01
1.092000000000000000e+03 3.872117687601330793e-01
1.096000000000000000e+03 3.834707831509978071e-01
1.100000000000000000e+03 3.833737048182659923e-01
1.104000000000000000e+03 3.859816094683730658e-01
1.108000000000000000e+03 3.906196424623274988e-01
1.112000000000000000e+03 3.972802339344234102e-01
1.116000000000000000e+03 4.063734979021736970e-01
1.120000000000000000e+03 4.182801637082392832e-01
1.124000000000000000e+03 4.333099460289057125e-01
1.128000000000000000e+03 4.504712700161629391e-01
1.132000000000000000e+03 4.696103919052519449e-01
1.136000000000000000e+03 4.926279606719636273e-01
1.140000000000000000e+03 5.171523913719673349e-01
1.144000000000000000e+03 5.432603030395378729e-01
1.148000000000000000e+03 5.717134679778289597e-01
1.152000000000000000e+03 6.019969216120640843e-01
1.156000000000000000e+03 6.313099702561922877e-01
1.160000000000000000e+03 6.609796036761678151e-01
1.164000000000000000e+03 6.879249370559241683e-01
1.168000000000000000e+03 7.129881130075723661e-01
1.172000000000000000e+03 7.323212513900503318e-01
1.176000000000000000e+03 7.468612153845061163e-01
1.180000000000000000e+03 7.544847971802689512e-01
1.184000000000000000e+03 7.553590587630436559e-01
1.188000000000000000e+03 7.503041642870115213e-01
1.192000000000000000e+03 7.381165418016379931e-01
1.196000000000000000e+03 7.221090773744970326e-01
1.200000000000000000e+03 7.013555339821005985e-01
1.204000000000000000e+03 6.786168607246193529e-01
1.208000000000000000e+03 6.539664967975472587e-01
1.212000000000000000e+03 6.284278763044003346e-01
1.216000000000000000e+03 6.028163194465008257e-01
1.220000000000000000e+03 5.793336040569188050e-01
1.224000000000000000e+03 5.559982761579618238e-01
1.228000000000000000e+03 5.347945678132505209e-01
1.232000000000000000e+03 5.147293913483692585e-01
1.236000000000000000e+03 4.971986570306452524e-01
1.240000000000000000e+03 4.820329678345708357e-01
1.244000000000000000e+03 4.676828206800864307e-01
1.248000000000000000e+03 4.555405591197972393e-01
1.252000000000000000e+03 4.456042520777363514e-01
1.256000000000000000e+03 4.368504933081891473e-01
1.260000000000000000e+03 4.297724471355813813e-01
1.264000000000000000e+03 4.248635360821919615e-01
1.268000000000000000e+03 4.207112012135313384e-01
1.272000000000000000e+03 4.186059193984777438e-01
1.276000000000000000e+03 4.172531051484118514e-01
1.280000000000000000e+03 4.177321685110081950e-01
1.284000000000000000e+03 4.191080434363962381e-01
1.288000000000000000e+03 4.222854334586503278e-01
1.292000000000000000e+03 4.276164934625160674e-01
1.296000000000000000e+03 4.333326298597078852e-01
1.300000000000000000e+03 4.399186396212956818e-01
1.304000000000000000e+03 4.486352948063855872e-01
1.308000000000000000e+03 4.584955747031316808e-01
1.312000000000000000e+03 4.699007857833659152e-01
1.316000000000000000e+03 4.827769144342095031e-01
1.320000000000000000e+03 4.966977956252972004e-01
1.324000000000000000e+03 5.126524272494042966e-01
1.328000000000000000e+03 5.298028526942578642e-01
1.332000000000000000e+03 5.477672382789732231e-01
1.336000000000000000e+03 5.667231839484178080e-01
1.340000000000000000e+03 5.872509396947331872e-01
1.344000000000000000e+03 6.094566745444788269e-01
1.348000000000000000e+03 6.315115189859659139e-01
1.352000000000000000e+03 6.541247194838435419e-01
1.356000000000000000e+03 6.775946540688961850e-01
1.360000000000000000e+03 7.000816465230126351e-01
1.364000000000000000e+03 7.221624088719227341e-01
1.368000000000000000e+03 7.433225931550072607e-01
1.372000000000000000e+03 7.635240299463530445e-01
1.376000000000000000e+03 7.817058765051145830e-01
1.380000000000000000e+03 7.961747024306472520e-01
1.384000000000000000e+03 8.085044973130076640e-01
1.388000000000000000e+03 8.185121086580405825e-01
1.392000000000000000e+03 8.236471892895407265e-01
1.396000000000000000e+03 8.254561691005121160e-01
1.400000000000000000e+03 8.242118924498063048e-01
1.404000000000000000e+03 8.191342723933486836e-01
1.408000000000000000e+03 8.111979162690151623e-01
1.412000000000000000e+03 8.001160792588785098e-01
1.416000000000000000e+03 7.870240161447423777e-01
1.420000000000000000e+03 7.714153582344834836e-01
1.424000000000000000e+03 7.546090560706966155e-01
1.428000000000000000e+03 7.357746910989055866e-01
1.432000000000000000e+03 7.169485389903660355e-01
1.436000000000000000e+03 6.972039561982109612e-01
1.440000000000000000e+03 6.779078941604969044e-01
1.444000000000000000e+03 6.585488979794508202e-01
1.448000000000000000e+03 6.397244166901325801e-01
1.452000000000000000e+03 6.219604696534080102e-01
1.456000000000000000e+03 6.042493235936273743e-01
1.460000000000000000e+03 5.879630842439278471e-01
1.464000000000000000e+03 5.722980984909663560e-01
1.468000000000000000e+03 5.571907505176256770e-01
1.472000000000000000e+03 5.430672143382688777e-01
1.476000000000000000e+03 5.302251879842078131e-01
1.480000000000000000e+03 5.186793467088489651e-01
1.484000000000000000e+03 5.074898552311218891e-01
1.488000000000000000e+03 4.972866682581743580e-01
1.492000000000000000e+03 4.876825301113050792e-01
1.496000000000000000e+03 4.803590103728709315e-01
1.500000000000000000e+03 4.728566552584698712e-01
1.504000000000000000e+03 4.655774658646051889e-01
1.508000000000000000e+03 4.599123372445123037e-01
1.512000000000000000e+03 4.551043266243738339e-01
1.516000000000000000e+03 4.507481331945875636e-01
1.520000000000000000e+03 4.471755845544790331e-01
1.524000000000000000e+03 4.445906296133051439e-01
1.528000000000000000e+03 4.427247013712938828e-01
1.532000000000000000e+03 4.414835410966365670e-01
1.536000000000000000e+03 4.412891202099374355e-01
1.540000000000000000e+03 4.406720994606012631e-01
1.544000000000000000e+03 4.413225274742201831e-01
1.548000000000000000e+03 4.430577844750903105e-01
1.552000000000000000e+03 4.448580368134086305e-01
1.556000000000000000e+03 4.472641133411547343e-01
1.560000000000000000e+03 4.500856346824397280e-01
1.564000000000000000e+03 4.536475414637460291e-01
1.568000000000000000e+03 4.585159478473107009e-01
1.572000000000000000e+03 4.635873858925604329e-01
1.576000000000000000e+03 4.689163033078161957e-01
1.580000000000000000e+03 4.753308666343138422e-01
1.584000000000000000e+03 4.821427316286442943e-01
1.588000000000000000e+03 4.891072440314171432e-01
1.592000000000000000e+03 4.973804869355268887e-01
1.596000000000000000e+03 5.061828353140261916e-01
1.600000000000000000e+03 5.157816326391724271e-01
1.604000000000000000e+03 5.260047976405533010e-01
1.608000000000000000e+03 5.355642344662749910e-01
1.612000000000000000e+03 5.476539728592768608e-01
1.616000000000000000e+03 5.593558762202225365e-01
1.620000000000000000e+03 5.707484687820795211e-01
1.624000000000000000e+03 5.837917440061850538e-01
1.628000000000000000e+03 5.977283923927502185e-01
1.632000000000000000e+03 6.110895578301542841e-01
1.636000000000000000e+03 6.255513348283645580e-01
1.640000000000000000e+03 6.401242838564621396e-01
1.644000000000000000e+03 6.555211940427575490e-01
1.648000000000000000e+03 6.700204107856503333e-01
1.652000000000000000e+03 6.862979470126190362e-01
1.656000000000000000e+03 7.014675511695220855e-01
1.660000000000000000e+03 7.172033699806146245e-01
1.664000000000000000e+03 7.323013290501951822e-01
1.668000000000000000e+03 7.476623100165882274e-01
1.672000000000000000e+03 7.626822238618171657e-01
1.676000000000000000e+03 7.770298209651030907e-01
1.680000000000000000e+03 7.908032468521534186e-01
1.684000000000000000e+03 8.036012157565092240e-01
1.688000000000000000e+03 8.160057230510988635e-01
1.692000000000000000e+03 8.274701875175546339e-01
1.696000000000000000e+03 8.369450676921735832e-01
1.700000000000000000e+03 8.459619960998473465e-01
1.704000000000000000e+03 8.531221027973383553e-01
1.708000000000000000e+03 8.592809250675913502e-01
1.712000000000000000e+03 8.636397694779792689e-01
1.716000000000000000e+03 8.671404345867372854e-01
1.720000000000000000e+03 8.685427697127990898e-01
1.724000000000000000e+03 8.687868735691052224e-01
1.728000000000000000e+03 8.668843339579976881e-01
1.732000000000000000e+03 8.635743905382481378e-01
1.736000000000000000e+03 8.597440266180155222e-01
1.740000000000000000e+03 8.536075841502311912e-01
1.744000000000000000e+03 8.469183709928881365e-01
1.748000000000000000e+03 8.386309520674390949e-01
1.752000000000000000e+03 8.304091857143496291e-01
1.756000000000000000e+03 8.197413501228845156e-01
1.760000000000000000e+03 8.092019453388469286e-01
1.764000000000000000e+03 7.977339849152865758e-01
1.768000000000000000e+03 7.863142185337204104e-01
1.772000000000000000e+03 7.738252748812245452e-01
1.776000000000000000e+03 7.616754570539973068e-01
1.780000000000000000e+03 7.483634944367950625e-01
1.784000000000000000e+03 7.355527589979752312e-01
1.788000000000000000e+03 7.231719550524489115e-01
1.792000000000000000e+03 7.105158753655028692e-01
1.796000000000000000e+03 6.973601904310089417e-01
1.800000000000000000e+03 6.850604771536822346e-01
1.804000000000000000e+03 6.727138690813151412e-01
1.808000000000000000e+03 6.598278044662260200e-01
1.812000000000000000e+03 6.484158932613801607e-01
1.816000000000000000e+03 6.369409427810169833e-01
1.820000000000000000e+03 6.252388495830133452e-01
1.824000000000000000e+03 6.145357938797515462e-01
1.828000000000000000e+03 6.042054625328521222e-01
1.832000000000000000e+03 5.944756739633894060e-01
1.836000000000000000e+03 5.841956767816396390e-01
1.840000000000000000e+03 5.752798013979991687e-01
1.844000000000000000e+03 5.656694368487303892e-01
1.848000000000000000e+03 5.572215571037593129e-01
1.852000000000000000e+03 5.497414849430757311e-01
1.856000000000000000e+03 5.413324124193538145e-01
1.860000000000000000e+03 5.347388964335908490e-01
1.864000000000000000e+03 5.274721110131115331e-01
1.868000000000000000e+03 5.204744003365583405e-01
1.872000000000000000e+03 5.148334449836341475e-01
1.876000000000000000e+03 5.086861410337136791e-01
1.880000000000000000e+03 5.031898031423174267e-01
1.884000000000000000e+03 4.977859830854092227e-01
1.888000000000000000e+03 4.936894484026545515e-01
1.892000000000000000e+03 4.892740175255129165e-01
1.896000000000000000e+03 4.843207623432774778e-01
1.900000000000000000e+03 4.810407483498509440e-01
1.904000000000000000e+03 4.776502642152206102e-01
1.908000000000000000e+03 4.737003124067918347e-01
1.912000000000000000e+03 4.713454775123975260e-01
1.916000000000000000e+03 4.688831767879321211e-01
1.920000000000000000e+03 4.667480691806520365e-01
1.924000000000000000e+03 4.638282880438795996e-01
1.928000000000000000e+03 4.627231504509212723e-01
1.932000000000000000e+03 4.610934862120039113e-01
1.936000000000000000e+03 4.597053110270665766e-01
1.940000000000000000e+03 4.585792707092483655e-01
1.944000000000000000e+03 4.575658792921364904e-01
1.948000000000000000e+03 4.573832447478900498e-01
1.952000000000000000e+03 4.572367142612566160e-01
1.956000000000000000e+03 4.569096298994863026e-01
1.960000000000000000e+03 4.576672574752692624e-01
1.964000000000000000e+03 4.573086564953904309e-01
1.968000000000000000e+03 4.581271090784058697e-01
1.972000000000000000e+03 4.593512400379047844e-01
1.976000000000000000e+03 4.609115975352187644e-01
1.980000000000000000e+03 4.618901426757381357e-01
1.984000000000000000e+03 4.632648964253076040e-01
1.988000000000000000e+03 4.648802572393995192e-01
1.992000000000000000e+03 4.675520623542026022e-01
1.996000000000000000e+03 4.696466202663622247e-01
2.000000000000000000e+03 4.724591521169710928e-01
2.004000000000000000e+03 4.746997160013064487e-01
2.008000000000000000e+03 4.773281175584066505e-01
2.012000000000000000e+03 4.809168625363967053e-01
2.016000000000000000e+03 4.845526255774942337e-01
2.020000000000000000e+03 4.879974498692085105e-01
2.024000000000000000e+03 4.920271032712879022e-01
2.028000000000000000e+03 4.957237851316497745e-01
2.032000000000000000e+03 4.998146216536100139e-01
2.036000000000000000e+03 5.048196201369657965e-01
2.040000000000000000e+03 5.093626204470900198e-01
2.044000000000000000e+03 5.139362809448045910e-01
2.048000000000000000e+03 5.190937531535064764e-01
2.052000000000000000e+03 5.245198538876590932e-01
2.056000000000000000e+03 5.301974233379606050e-01
2.060000000000000000e+03 5.359015679607888050e-01
2.064000000000000000e+03 5.413324906950695015e-01
2.068000000000000000e+03 5.480450868581548951e-01
2.072000000000000000e+03 5.540756850901331632e-01
2.076000000000000000e+03 5.604389263066904547e-01
2.080000000000000000e+03 5.680271108873791164e-01
2.084000000000000000e+03 5.748399451928485338e-01
2.088000000000000000e+03 5.815236826750572741e-01
2.092000000000000000e+03 5.890058595855958146e-01
2.096000000000000000e+03 5.964127802923768762e-01
2.100000000000000000e+03 6.042291238836875467e-01
2.104000000000000000e+03 6.116610753856236427e-01
2.108000000000000000e+03 6.198448468333600525e-01
2.112000000000000000e+03 6.278945166227758445e-01
2.116000000000000000e+03 6.369021524874559637e-01
2.120000000000000000e+03 6.446332186957894894e-01
2.124000000000000000e+03 6.533694357059994795e-01
2.128000000000000000e+03 6.621300957319171676e-01
2.132000000000000000e+03 6.710712419178900268e-01
2.136000000000000000e+03 6.802361330511762505e-01
2.140000000000000000e+03 6.888958745344205825e-01
2.144000000000000000e+03 6.983955691390280052e-01
2.148000000000000000e+03 7.069402422246126028e-01
2.152000000000000000e+03 7.162951418211652710e-01
2.156000000000000000e+03 7.254476437992406490e-01
2.160000000000000000e+03 7.347316333990803194e-01
2.164000000000000000e+03 7.431626497321979219e-01
2.168000000000000000e+03 7.528750556529517635e-01
2.172000000000000000e+03 7.609778642982096830e-01
2.176000000000000000e+03 7.701266494678740138e-01
2.180000000000000000e+03 7.793069383324225941e-01
2.184000000000000000e+03 7.872036747468368345e-01
2.188000000000000000e+03 7.955957205022997636e-01
2.192000000000000000e+03 8.034805207894990531e-01
2.196000000000000000e+03 8.121341555605259277e-01
