6.000000000000000000e+02 1.689708998857880964e-02
6.040000000000000000e+02 1.934048007077196485e-02
6.080000000000000000e+02 2.305663840769274844e-02
6.120000000000000000e+02 2.601513433929217300e-02
6.160000000000000000e+02 3.003883238245323717e-02
6.200000000000000000e+02 3.412562497580939186e-02
6.240000000000000000e+02 3.942761754562176119e-02
6.280000000000000000e+02 4.534013452318808035e-02
6.320000000000000000e+02 5.077057321787552258e-02
6.360000000000000000e+02 5.711811154194814527e-02
6.400000000000000000e+02 6.229831724558730632e-02
6.440000000000000000e+02 6.848198718058765011e-02
6.480000000000000000e+02 7.294625968304492558e-02
6.520000000000000000e+02 7.825187342852395200e-02
6.560000000000000000e+02 8.376163871279344864e-02
6.600000000000000000e+02 9.114118696329208402e-02
6.640000000000000000e+02 9.968354180461859448e-02
6.680000000000000000e+02 1.093065489454109751e-01
6.720000000000000000e+02 1.205949157112691794e-01
6.760000000000000000e+02 1.309034757638768420e-01
6.800000000000000000e+02 1.412263537955195936e-01
6.840000000000000000e+02 1.498163904660076706e-01
6.880000000000000000e+02 1.558534098239622578e-01
6.920000000000000000e+02 1.598309603417591984e-01
6.960000000000000000e+02 1.623946072488280101e-01
7.000000000000000000e+02 1.644843926885517504e-01
7.040000000000000000e+02 1.669840210891798127e-01
7.080000000000000000e+02 1.723860834062954095e-01
7.120000000000000000e+02 1.791345674059426907e-01
7.160000000000000000e+02 1.897690118853413432e-01
7.200000000000000000e+02 2.039520455686096301e-01
7.240000000000000000e+02 2.199631956039949099e-01
7.280000000000000000e+02 2.377024572359219823e-01
7.320000000000000000e+02 2.553589939500404693e-01
7.360000000000000000e+02 2.707304014663492464e-01
7.400000000000000000e+02 2.822396461302816295e-01
7.440000000000000000e+02 2.897126424841915404e-01
7.480000000000000000e+02 2.918969133161836149e-01
7.520000000000000000e+02 2.891997466899846603e-01
7.560000000000000000e+02 2.838435613723163109e-01
7.600000000000000000e+02 2.761906867387360909e-01
7.640000000000000000e+02 2.708220407071005864e-01
7.680000000000000000e+02 2.666483156482958305e-01
7.720000000000000000e+02 2.657657552898826103e-01
7.760000000000000000e+02 2.689171972491689044e-01
7.800000000000000000e+02 2.772319286729274523e-01
7.840000000000000000e+02 2.885884019083160834e-01
7.880000000000000000e+02 3.054972163240110561e-01
7.920000000000000000e+02 3.255088373888510023e-01
7.960000000000000000e+02 3.492604195885833929e-01
8.000000000000000000e+02 3.739950521814169315e-01
8.040000000000000000e+02 3.975696437743690970e-01
8.080000000000000000e+02 4.190447916254959604e-01
8.120000000000000000e+02 4.363989506908583227e-01
8.160000000000000000e+02 4.466484821285917062e-01
8.200000000000000000e+02 4.503753916766972676e-01
8.240000000000000000e+02 4.461925112226053369e-01
8.280000000000000000e+02 4.373235313896275400e-01
8.320000000000000000e+02 4.229416508582023448e-01
8.360000000000000000e+02 4.066850234432593525e-01
8.400000000000000000e+02 3.908310503568264704e-01
8.440000000000000000e+02 3.755334543043312157e-01
8.480000000000000000e+02 3.625738095813469397e-01
8.520000000000000000e+02 3.533161213451538329e-01
8.560000000000000000e+02 3.486955468085969345e-01
8.600000000000000000e+02 3.468798860334504353e-01
8.640000000000000000e+02 3.502002953910394178e-01
8.680000000000000000e+02 3.569164798512580172e-01
8.720000000000000000e+02 3.691404676079736991e-01
8.760000000000000000e+02 3.844935331206468798e-01
8.800000000000000000e+02 4.040952745548267444e-01
8.840000000000000000e+02 4.266655119424125897e-01
8.880000000000000000e+02 4.531754119986841078e-01
8.920000000000000000e+02 4.809233500043867404e-01
8.960000000000000000e+02 5.090470218997166230e-01
9.000000000000000000e+02 5.362043684846110603e-01
9.040000000000000000e+02 5.599648073303885587e-01
9.080000000000000000e+02 5.797532044468494128e-01
9.120000000000000000e+02 5.929300621948085936e-01
9.160000000000000000e+02 5.998277247731917949e-01
9.200000000000000000e+02 5.995705972725935418e-01
9.240000000000000000e+02 5.919739163174910779e-01
9.280000000000000000e+02 5.785747020500237037e-01
9.320000000000000000e+02 5.612637968806282185e-01
9.360000000000000000e+02 5.401371584728208441e-01
9.400000000000000000e+02 5.186155057657303447e-01
9.440000000000000000e+02 4.965408930987681990e-01
9.480000000000000000e+02 4.751458655285374921e-01
9.520000000000000000e+02 4.564587584566402456e-01
9.560000000000000000e+02 4.394967269989600300e-01
9.600000000000000000e+02 4.264878039544952593e-01
9.640000000000000000e+02 4.166278640141139467e-01
9.680000000000000000e+02 4.091124901082722198e-01
9.720000000000000000e+02 4.055264461669220721e-01
9.760000000000000000e+02 4.044648336075011841e-01
9.800000000000000000e+02 4.061843550814632220e-01
9.840000000000000000e+02 4.115662049489262619e-01
9.880000000000000000e+02 4.198748895130684500e-01
9.920000000000000000e+02 4.307234266203473494e-01
9.960000000000000000e+02 4.445330990418999151e-01
1.000000000000000000e+03 4.613194861738428298e-01
1.004000000000000000e+03 4.815296912286462505e-01
1.008000000000000000e+03 5.033595444043035272e-01
1.012000000000000000e+03 5.275895860774131307e-01
1.016000000000000000e+03 5.533245532370713038e-01
1.020000000000000000e+03 5.807091991887839422e-01
1.024000000000000000e+03 6.075741450559677403e-01
1.028000000000000000e+03 6.335446804258276776e-01
1.032000000000000000e+03 6.575235604749980478e-01
1.036000000000000000e+03 6.792492888225165615e-01
1.040000000000000000e+03 6.962165338502539491e-01
1.044000000000000000e+03 7.095486245486257726e-01
1.048000000000000000e+03 7.170503227339556362e-01
1.052000000000000000e+03 7.194095765012278321e-01
1.056000000000000000e+03 7.163807857156625492e-01
1.060000000000000000e+03 7.090484787002643285e-01
1.064000000000000000e+03 6.962777125844469284e-01
1.068000000000000000e+03 6.805076198442342461e-01
1.072000000000000000e+03 6.607454212524697112e-01
1.076000000000000000e+03 6.399872518954300427e-01
1.080000000000000000e+03 6.181948223051886293e-01
1.084000000000000000e+03 5.954265639187944492e-01
1.088000000000000000e+03 5.731373626990301506e-01
1.092000000000000000e+03 5.520909789339497609e-01
1.096000000000000000e+03 5.324970245728306573e-01
1.100000000000000000e+03 5.151263554228464603e-01
1.104000000000000000e+03 4.993835919150723113e-01
1.108000000000000000e+03 4.844947222357451344e-01
1.112000000000000000e+03 4.728447109847810914e-01
1.116000000000000000e+03 4.625330195851701243e-01
1.120000000000000000e+03 4.542031358490639104e-01
1.124000000000000000e+03 4.489727384906769259e-01
1.128000000000000000e+03 4.444695395263518756e-01
1.132000000000000000e+03 4.414876447788494973e-01
1.136000000000000000e+03 4.414572114893540178e-01
1.140000000000000000e+03 4.418443627015905539e-01
1.144000000000000000e+03 4.452359417767546845e-01
1.148000000000000000e+03 4.495335634219967957e-01
1.152000000000000000e+03 4.560762855377291647e-01
1.156000000000000000e+03 4.636562708381519182e-01
1.160000000000000000e+03 4.730911438374401645e-01
1.164000000000000000e+03 4.841011796270996426e-01
1.168000000000000000e+03 4.973189343016388708e-01
1.172000000000000000e+03 5.114051723586284792e-01
1.176000000000000000e+03 5.278755812899559308e-01
1.180000000000000000e+03 5.452432022644809750e-01
1.184000000000000000e+03 5.642173124913557603e-01
1.188000000000000000e+03 5.833717124463856374e-01
1.192000000000000000e+03 6.042142143844355662e-01
1.196000000000000000e+03 6.261202873950472148e-01
1.200000000000000000e+03 6.475306837556590311e-01
1.204000000000000000e+03 6.701271972660053367e-01
1.208000000000000000e+03 6.913501169426945481e-01
1.212000000000000000e+03 7.126745804693503938e-01
1.216000000000000000e+03 7.322015730720150550e-01
1.220000000000000000e+03 7.499244862509626408e-01
1.224000000000000000e+03 7.658909635435805496e-01
1.228000000000000000e+03 7.791729245268538273e-01
1.232000000000000000e+03 7.892756800725380106e-01
1.236000000000000000e+03 7.962724154232976304e-01
1.240000000000000000e+03 8.014294006727404884e-01
1.244000000000000000e+03 8.019486583139977531e-01
1.248000000000000000e+03 7.995311413233068265e-01
1.252000000000000000e+03 7.946412921033834120e-01
1.256000000000000000e+03 7.865485779122538545e-01
1.260000000000000000e+03 7.760615608377569030e-01
1.264000000000000000e+03 7.631533744243783612e-01
1.268000000000000000e+03 7.482592089463273588e-01
1.272000000000000000e+03 7.319717549449638039e-01
1.276000000000000000e+03 7.149705848561627164e-01
1.280000000000000000e+03 6.967287376721712500e-01
1.284000000000000000e+03 6.791474891801002611e-01
1.288000000000000000e+03 6.606680709502147364e-01
1.292000000000000000e+03 6.422092774026305628e-01
1.296000000000000000e+03 6.243810659092196014e-01
1.300000000000000000e+03 6.071711089377317405e-01
1.304000000000000000e+03 5.905341903258325420e-01
1.308000000000000000e+03 5.760143710441717468e-01
1.312000000000000000e+03 5.614489763348861073e-01
1.316000000000000000e+03 5.470815149684720158e-01
1.320000000000000000e+03 5.348582448288445867e-01
1.324000000000000000e+03 5.236623541632566825e-01
1.328000000000000000e+03 5.135419038462513130e-01
1.332000000000000000e+03 5.038646342525436861e-01
1.336000000000000000e+03 4.957054743170806188e-01
1.340000000000000000e+03 4.884762628637945858e-01
1.344000000000000000e+03 4.823929619202471097e-01
1.348000000000000000e+03 4.774223029738289270e-01
1.352000000000000000e+03 4.731731132086756664e-01
1.356000000000000000e+03 4.696235215177575473e-01
1.360000000000000000e+03 4.671799012743211854e-01
1.364000000000000000e+03 4.655187926805053333e-01
1.368000000000000000e+03 4.645257736598701892e-01
1.372000000000000000e+03 4.640536207494736498e-01
1.376000000000000000e+03 4.652600069119463000e-01
1.380000000000000000e+03 4.664568501984152626e-01
1.384000000000000000e+03 4.687080702086510176e-01
1.388000000000000000e+03 4.728328052538304793e-01
1.392000000000000000e+03 4.767413973027253560e-01
1.396000000000000000e+03 4.813660904803815921e-01
1.400000000000000000e+03 4.868629444805597228e-01
1.404000000000000000e+03 4.924600535677221003e-01
1.408000000000000000e+03 4.996199622093194237e-01
1.412000000000000000e+03 5.076808110218564707e-01
1.416000000000000000e+03 5.162276431409695832e-01
1.420000000000000000e+03 5.249764672297825285e-01
1.424000000000000000e+03 5.358058040111020048e-01
1.428000000000000000e+03 5.464694702869190568e-01
1.432000000000000000e+03 5.570199091722034535e-01
1.436000000000000000e+03 5.696456627488605262e-01
1.440000000000000000e+03 5.821356376577687675e-01
1.444000000000000000e+03 5.951033154615785747e-01
1.448000000000000000e+03 6.095711078498559088e-01
1.452000000000000000e+03 6.237772088690154426e-01
1.456000000000000000e+03 6.378437208726176477e-01
1.460000000000000000e+03 6.529022747776441760e-01
1.464000000000000000e+03 6.685617227260112205e-01
1.468000000000000000e+03 6.840201918605890441e-01
1.472000000000000000e+03 6.995420344807418145e-01
1.476000000000000000e+03 7.152827626872548805e-01
1.480000000000000000e+03 7.301920565247559392e-01
1.484000000000000000e+03 7.450257832005929837e-01
1.488000000000000000e+03 7.597964335405889003e-01
1.492000000000000000e+03 7.739050967293193972e-01
1.496000000000000000e+03 7.865379002492443039e-01
1.500000000000000000e+03 7.989855923533909499e-01
1.504000000000000000e+03 8.103586215802061066e-01
1.508000000000000000e+03 8.211178741758191624e-01
1.512000000000000000e+03 8.294535622619759740e-01
1.516000000000000000e+03 8.373534789657333111e-01
1.520000000000000000e+03 8.440746849514836336e-01
1.524000000000000000e+03 8.488249395157432264e-01
1.528000000000000000e+03 8.524179260608710784e-01
1.532000000000000000e+03 8.544971996231062183e-01
1.536000000000000000e+03 8.539825867230800283e-01
1.540000000000000000e+03 8.529017868820443216e-01
1.544000000000000000e+03 8.511511396940277807e-01
1.548000000000000000e+03 8.469908078296212173e-01
1.552000000000000000e+03 8.417164770558694942e-01
1.556000000000000000e+03 8.349808754502905384e-01
1.560000000000000000e+03 8.269953865744833488e-01
1.564000000000000000e+03 8.184056231296018558e-01
1.568000000000000000e+03 8.093630685550683435e-01
1.572000000000000000e+03 7.984481848852492680e-01
1.576000000000000000e+03 7.879011506929527453e-01
1.580000000000000000e+03 7.763862787814592714e-01
1.584000000000000000e+03 7.639438670868983206e-01
1.588000000000000000e+03 7.516744499267142832e-01
1.592000000000000000e+03 7.387291677874227025e-01
1.596000000000000000e+03 7.260196264851654924e-01
1.600000000000000000e+03 7.131177391458780601e-01
1.604000000000000000e+03 7.003738445418261627e-01
1.608000000000000000e+03 6.883305781466261264e-01
1.612000000000000000e+03 6.758097825804907366e-01
1.616000000000000000e+03 6.634827547522638147e-01
1.620000000000000000e+03 6.516096841904152059e-01
1.624000000000000000e+03 6.390728575777692155e-01
1.628000000000000000e+03 6.284407875319852899e-01
1.632000000000000000e+03 6.177197623488036582e-01
1.636000000000000000e+03 6.066353607581453922e-01
1.640000000000000000e+03 5.961924929269877271e-01
1.644000000000000000e+03 5.867095773770261147e-01
1.648000000000000000e+03 5.780613175972213469e-01
1.652000000000000000e+03 5.687315484242464469e-01
1.656000000000000000e+03 5.607558965273999885e-01
1.660000000000000000e+03 5.527673763407715546e-01
1.664000000000000000e+03 5.454718435120671227e-01
1.668000000000000000e+03 5.377909329711710873e-01
1.672000000000000000e+03 5.319165389580341463e-01
1.676000000000000000e+03 5.257126245837816514e-01
1.680000000000000000e+03 5.198938512671301693e-01
1.684000000000000000e+03 5.140756058315186783e-01
1.688000000000000000e+03 5.090643394766946050e-01
1.692000000000000000e+03 5.047373173420055537e-01
1.696000000000000000e+03 5.008531490012436693e-01
1.700000000000000000e+03 4.964966084706633476e-01
1.704000000000000000e+03 4.936127936441355724e-01
1.708000000000000000e+03 4.906518321070935662e-01
1.712000000000000000e+03 4.879875348443433736e-01
1.716000000000000000e+03 4.855078980608308892e-01
1.720000000000000000e+03 4.833889384020519375e-01
1.724000000000000000e+03 4.822343002988955796e-01
1.728000000000000000e+03 4.806001789392743695e-01
1.732000000000000000e+03 4.790229988043870346e-01
1.736000000000000000e+03 4.788025398354688322e-01
1.740000000000000000e+03 4.784587810578354028e-01
1.744000000000000000e+03 4.782548273028195407e-01
1.748000000000000000e+03 4.783528312542669192e-01
1.752000000000000000e+03 4.794266391326911791e-01
1.756000000000000000e+03 4.801662788017920791e-01
1.760000000000000000e+03 4.813297481273671186e-01
1.764000000000000000e+03 4.825677363905339079e-01
1.768000000000000000e+03 4.843402739380610611e-01
1.772000000000000000e+03 4.861602803019343111e-01
1.776000000000000000e+03 4.881603812479496929e-01
1.780000000000000000e+03 4.908064067633076122e-01
1.784000000000000000e+03 4.933794356693645966e-01
1.788000000000000000e+03 4.963514659662018880e-01
1.792000000000000000e+03 4.999238204986001799e-01
1.796000000000000000e+03 5.033449837901671220e-01
1.800000000000000000e+03 5.079488103075918692e-01
1.804000000000000000e+03 5.117960646351523701e-01
1.808000000000000000e+03 5.164240867274836333e-01
1.812000000000000000e+03 5.207906905992044644e-01
1.816000000000000000e+03 5.259897056841866814e-01
1.820000000000000000e+03 5.311219195039973417e-01
1.824000000000000000e+03 5.365744151749167745e-01
1.828000000000000000e+03 5.425760751809670657e-01
1.832000000000000000e+03 5.486692307289847692e-01
1.836000000000000000e+03 5.550022456629215561e-01
1.840000000000000000e+03 5.609331598987526979e-01
1.844000000000000000e+03 5.682101935904885215e-01
1.848000000000000000e+03 5.750359209108982794e-01
1.852000000000000000e+03 5.817959261151036676e-01
1.856000000000000000e+03 5.896245642187039060e-01
1.860000000000000000e+03 5.966328835029085509e-01
1.864000000000000000e+03 6.053056381068694369e-01
1.868000000000000000e+03 6.132593828485441989e-01
1.872000000000000000e+03 6.209259272266438590e-01
1.876000000000000000e+03 6.296419775242757533e-01
1.880000000000000000e+03 6.377650588168781720e-01
1.884000000000000000e+03 6.473180466137679057e-01
1.888000000000000000e+03 6.552841860920305406e-01
1.892000000000000000e+03 6.642727719417156340e-01
1.896000000000000000e+03 6.735550319419736365e-01
1.900000000000000000e+03 6.834780872182059097e-01
1.904000000000000000e+03 6.926530757019251361e-01
1.908000000000000000e+03 7.013876452841777409e-01
1.912000000000000000e+03 7.104607218773211219e-01
1.916000000000000000e+03 7.203312049335294232e-01
1.920000000000000000e+03 7.297600519586935341e-01
1.924000000000000000e+03 7.386164777336752252e-01
1.928000000000000000e+03 7.479924901379365609e-01
1.932000000000000000e+03 7.577109132045944939e-01
1.936000000000000000e+03 7.662059485304139050e-01
1.940000000000000000e+03 7.757859066635355294e-01
1.944000000000000000e+03 7.840386007654853717e-01
1.948000000000000000e+03 7.922210667617084479e-01
1.952000000000000000e+03 8.009420144245887885e-01
1.956000000000000000e+03 8.089887325010506336e-01
1.960000000000000000e+03 8.169820475807961779e-01
1.964000000000000000e+03 8.247681735689030846e-01
1.968000000000000000e+03 8.319704439453327049e-01
1.972000000000000000e+03 8.379361405660094020e-01
1.976000000000000000e+03 8.448915831237504559e-01
1.980000000000000000e+03 8.506220588986864728e-01
1.984000000000000000e+03 8.565557661341646201e-01
1.988000000000000000e+03 8.614702495798647330e-01
1.992000000000000000e+03 8.667383797744587781e-01
1.996000000000000000e+03 8.705617324082675079e-01
2.000000000000000000e+03 8.744552275551208398e-01
2.004000000000000000e+03 8.776451711715609338e-01
2.008000000000000000e+03 8.803137678535791766e-01
2.012000000000000000e+03 8.828406985839261090e-01
2.016000000000000000e+03 8.844480210763729922e-01
2.020000000000000000e+03 8.848691613122440236e-01
2.024000000000000000e+03 8.860225663331027235e-01
2.028000000000000000e+03 8.856069446553741509e-01
2.032000000000000000e+03 8.852910966494486056e-01
2.036000000000000000e+03 8.848246944436655159e-01
2.040000000000000000e+03 8.830878977441157796e-01
2.044000000000000000e+03 8.814778050362331863e-01
2.048000000000000000e+03 8.787875167230411177e-01
2.052000000000000000e+03 8.760806747279578088e-01
2.056000000000000000e+03 8.728333018132006238e-01
2.060000000000000000e+03 8.693813816777565817e-01
2.064000000000000000e+03 8.648415417340235001e-01
2.068000000000000000e+03 8.604813544126669322e-01
2.072000000000000000e+03 8.565127807373975610e-01
2.076000000000000000e+03 8.509207443371831214e-01
2.080000000000000000e+03 8.452015593633871449e-01
2.084000000000000000e+03 8.397807299916710821e-01
2.088000000000000000e+03 8.335279914642110821e-01
2.092000000000000000e+03 8.282160629601096336e-01
2.096000000000000000e+03 8.210436013834324642e-01
2.100000000000000000e+03 8.145446631899350143e-01
2.104000000000000000e+03 8.075638377889758912e-01
2.108000000000000000e+03 8.014304794832605161e-01
2.112000000000000000e+03 7.942098122851828368e-01
2.116000000000000000e+03 7.870391448031656134e-01
2.120000000000000000e+03 7.793152406192517256e-01
2.124000000000000000e+03 7.728027948992987062e-01
2.128000000000000000e+03 7.650381696931457531e-01
2.132000000000000000e+03 7.580827943615466857e-01
2.136000000000000000e+03 7.502539273707419243e-01
2.140000000000000000e+03 7.427942834353372659e-01
2.144000000000000000e+03 7.351569608626929986e-01
2.148000000000000000e+03 7.284975348156684793e-01
2.152000000000000000e+03 7.202496882056089733e-01
2.156000000000000000e+03 7.135411367182873388e-01
2.160000000000000000e+03 7.057851499663300165e-01
2.164000000000000000e+03 6.993698523635408781e-01
2.168000000000000000e+03 6.922168572864788594e-01
2.172000000000000000e+03 6.850702590836361683e-01
2.176000000000000000e+03 6.783833451461489528e-01
2.180000000000000000e+03 6.715713646775313128e-01
2.184000000000000000e+03 6.642682971574326301e-01
2.188000000000000000e+03 6.576730100391903200e-01
2.192000000000000000e+03 6.516133322940771411e-01
2.196000000000000000e+03 6.454065302204083920e-01
