6.000000000000000000e+02 3.856633758222090085e-03
6.040000000000000000e+02 5.226850669849083218e-03
6.080000000000000000e+02 5.818500543929135127e-03
6.120000000000000000e+02 7.540696746154002678e-03
6.160000000000000000e+02 8.426467840708563514e-03
6.200000000000000000e+02 1.034140747596593891e-02
6.240000000000000000e+02 1.319598276583604582e-02
6.280000000000000000e+02 1.544779854788903839e-02
6.320000000000000000e+02 1.732475752320876417e-02
6.360000000000000000e+02 2.004402814765329777e-02
6.400000000000000000e+02 2.345201006612048292e-02
6.440000000000000000e+02 2.748178896349327827e-02
6.480000000000000000e+02 3.078467627797671843e-02
6.520000000000000000e+02 3.282305263743756640e-02
6.560000000000000000e+02 3.668850953244526952e-02
6.600000000000000000e+02 4.046616970601455560e-02
6.640000000000000000e+02 4.762240317610493684e-02
6.680000000000000000e+02 5.424493901730259582e-02
6.720000000000000000e+02 5.877158460762409858e-02
6.760000000000000000e+02 6.032553603386833080e-02
6.800000000000000000e+02 6.262568483626961002e-02
6.840000000000000000e+02 6.779198270734053400e-02
6.880000000000000000e+02 7.691637362015099622e-02
6.920000000000000000e+02 8.790564139548019684e-02
6.960000000000000000e+02 9.841359800387379508e-02
7.000000000000000000e+02 1.017504099084327596e-01
7.040000000000000000e+02 9.984879112927479150e-02
7.080000000000000000e+02 9.840247919085359785e-02
7.120000000000000000e+02 1.015906789867022098e-01
7.160000000000000000e+02 1.113167017491804300e-01
7.200000000000000000e+02 1.283033488554884138e-01
7.240000000000000000e+02 1.473200243130672049e-01
7.280000000000000000e+02 1.606113790762435378e-01
7.320000000000000000e+02 1.623532245185633216e-01
7.360000000000000000e+02 1.544642680957662439e-01
7.400000000000000000e+02 1.464865931962376910e-01
7.440000000000000000e+02 1.434661439458926602e-01
7.480000000000000000e+02 1.476124674546113180e-01
7.520000000000000000e+02 1.623568124088563824e-01
7.560000000000000000e+02 1.850058667817919555e-01
7.600000000000000000e+02 2.132083731225875023e-01
7.640000000000000000e+02 2.367651603019625683e-01
7.680000000000000000e+02 2.455821777228180125e-01
7.720000000000000000e+02 2.347649901447284027e-01
7.760000000000000000e+02 2.170914720447834900e-01
7.800000000000000000e+02 1.997248429811829262e-01
7.840000000000000000e+02 1.915647080589463758e-01
7.880000000000000000e+02 1.912186672268681997e-01
7.920000000000000000e+02 2.019615050996304562e-01
7.960000000000000000e+02 2.240828453665361930e-01
8.000000000000000000e+02 2.560866352750823527e-01
8.040000000000000000e+02 2.940662074320542496e-01
8.080000000000000000e+02 3.280930923964939794e-01
8.120000000000000000e+02 3.445395876048491512e-01
8.160000000000000000e+02 3.358820714096246163e-01
8.200000000000000000e+02 3.094149447203367043e-01
8.240000000000000000e+02 2.801377919427102681e-01
8.280000000000000000e+02 2.562283207069289692e-01
8.320000000000000000e+02 2.408375835562357459e-01
8.360000000000000000e+02 2.356457158565158083e-01
8.400000000000000000e+02 2.407356468746360834e-01
8.440000000000000000e+02 2.555547245788868937e-01
8.480000000000000000e+02 2.818789022516292042e-01
8.520000000000000000e+02 3.194098281546313145e-01
8.560000000000000000e+02 3.651601627744969769e-01
8.600000000000000000e+02 4.109865037221803741e-01
8.640000000000000000e+02 4.437975002334160757e-01
8.680000000000000000e+02 4.518184452507204574e-01
8.720000000000000000e+02 4.337470211920261831e-01
8.760000000000000000e+02 3.987442754794777722e-01
8.800000000000000000e+02 3.595751406815997919e-01
8.840000000000000000e+02 3.249346005231266155e-01
8.880000000000000000e+02 2.997239917605214465e-01
8.920000000000000000e+02 2.833793462686996500e-01
8.960000000000000000e+02 2.771660707416916392e-01
9.000000000000000000e+02 2.795875145642070514e-01
9.040000000000000000e+02 2.907784000530630464e-01
9.080000000000000000e+02 3.108451278863784140e-01
9.120000000000000000e+02 3.414498635713368868e-01
9.160000000000000000e+02 3.812507735591245117e-01
9.200000000000000000e+02 4.293597330982333315e-01
9.240000000000000000e+02 4.813012460864576347e-01
9.280000000000000000e+02 5.275322034284052330e-01
9.320000000000000000e+02 5.553038043382694244e-01
9.360000000000000000e+02 5.571729455935797715e-01
9.400000000000000000e+02 5.351370793201007947e-01
9.440000000000000000e+02 4.957307610495602090e-01
9.480000000000000000e+02 4.507325233673327158e-01
9.520000000000000000e+02 4.086295866184377346e-01
9.560000000000000000e+02 3.732870286538409466e-01
9.600000000000000000e+02 3.466966298395591228e-01
9.640000000000000000e+02 3.276057626372276266e-01
9.680000000000000000e+02 3.166883279065584866e-01
9.720000000000000000e+02 3.122995091877885931e-01
9.760000000000000000e+02 3.152759888515407893e-01
9.800000000000000000e+02 3.248949983853510748e-01
9.840000000000000000e+02 3.421286041096623376e-01
9.880000000000000000e+02 3.674092238398430355e-01
9.920000000000000000e+02 3.995561885030686766e-01
9.960000000000000000e+02 4.396391689150347393e-01
1.000000000000000000e+03 4.872956760478582838e-01
1.004000000000000000e+03 5.384901964622123005e-01
1.008000000000000000e+03 5.876502520032572674e-01
1.012000000000000000e+03 6.284651395563891629e-01
1.016000000000000000e+03 6.518914214597598678e-01
1.020000000000000000e+03 6.537811147379694043e-01
1.024000000000000000e+03 6.352265768152932646e-01
1.028000000000000000e+03 5.994277874247155857e-01
1.032000000000000000e+03 5.556453562312848593e-01
1.036000000000000000e+03 5.105817796247622553e-01
1.040000000000000000e+03 4.688039400952670466e-01
1.044000000000000000e+03 4.322223276526387381e-01
1.048000000000000000e+03 4.019590414408173440e-01
1.052000000000000000e+03 3.786120941193607536e-01
1.056000000000000000e+03 3.618659287928309709e-01
1.060000000000000000e+03 3.503985384168546435e-01
1.064000000000000000e+03 3.438147133636108577e-01
1.068000000000000000e+03 3.419669314702445950e-01
1.072000000000000000e+03 3.455361971617589290e-01
1.076000000000000000e+03 3.537662790811964553e-01
1.080000000000000000e+03 3.673196844783203630e-01
1.084000000000000000e+03 3.862642797179271503e-01
1.088000000000000000e+03 4.108472367517549406e-01
1.092000000000000000e+03 4.404414385356478778e-01
1.096000000000000000e+03 4.756345897075515139e-01
1.100000000000000000e+03 5.162938309050141283e-01
1.104000000000000000e+03 5.610753631848345302e-01
1.108000000000000000e+03 6.072498171211979656e-01
1.112000000000000000e+03 6.531229154915965118e-01
1.116000000000000000e+03 6.915039880403535122e-01
1.120000000000000000e+03 7.200077707387981807e-01
1.124000000000000000e+03 7.347377114668979248e-01
1.128000000000000000e+03 7.327377653513955647e-01
1.132000000000000000e+03 7.151166954852833380e-01
1.136000000000000000e+03 6.852586474767592417e-01
1.140000000000000000e+03 6.474396678788152393e-01
1.144000000000000000e+03 6.070124898694644333e-01
1.148000000000000000e+03 5.653808301642172518e-01
1.152000000000000000e+03 5.267929951202449113e-01
1.156000000000000000e+03 4.921200103598500353e-01
1.160000000000000000e+03 4.611811720045221885e-01
1.164000000000000000e+03 4.357055172723536818e-01
1.168000000000000000e+03 4.141223120541581149e-01
1.172000000000000000e+03 3.973379925370000287e-01
1.176000000000000000e+03 3.844612190333450696e-01
1.180000000000000000e+03 3.746980408039075061e-01
1.184000000000000000e+03 3.695801942724584177e-01
1.188000000000000000e+03 3.665651750554785315e-01
1.192000000000000000e+03 3.666635797605814484e-01
1.196000000000000000e+03 3.702032083604003820e-01
1.200000000000000000e+03 3.777891340276708920e-01
1.204000000000000000e+03 3.874365476939268249e-01
1.208000000000000000e+03 3.999415559441424350e-01
1.212000000000000000e+03 4.165696551792250069e-01
1.216000000000000000e+03 4.366703188309028483e-01
1.220000000000000000e+03 4.601509061970935344e-01
1.224000000000000000e+03 4.875668105447563128e-01
1.228000000000000000e+03 5.184303175700677446e-01
1.232000000000000000e+03 5.524710062509615716e-01
1.236000000000000000e+03 5.891683531841365173e-01
1.240000000000000000e+03 6.276980062529950999e-01
1.244000000000000000e+03 6.673087202687810748e-01
1.248000000000000000e+03 7.042010924911206171e-01
1.252000000000000000e+03 7.382743357314703880e-01
1.256000000000000000e+03 7.657979143358744079e-01
1.260000000000000000e+03 7.855000933282043629e-01
1.264000000000000000e+03 7.954305064528850444e-01
1.268000000000000000e+03 7.948894018310947995e-01
1.272000000000000000e+03 7.842757026985966995e-01
1.276000000000000000e+03 7.648181638267153026e-01
1.280000000000000000e+03 7.374748315268957466e-01
1.284000000000000000e+03 7.062773331331506643e-01
1.288000000000000000e+03 6.720030236821679104e-01
1.292000000000000000e+03 6.379069304761983972e-01
1.296000000000000000e+03 6.036837637141458934e-01
1.300000000000000000e+03 5.714868893611445566e-01
1.304000000000000000e+03 5.414561539912475796e-01
1.308000000000000000e+03 5.139396062372288965e-01
1.312000000000000000e+03 4.900133599800806650e-01
1.316000000000000000e+03 4.677291135262441335e-01
1.320000000000000000e+03 4.495849980779676458e-01
1.324000000000000000e+03 4.338648281702783827e-01
1.328000000000000000e+03 4.202239361894198333e-01
1.332000000000000000e+03 4.088060694882228452e-01
1.336000000000000000e+03 4.007848795150269483e-01
1.340000000000000000e+03 3.941633605866967094e-01
1.344000000000000000e+03 3.888205643183268445e-01
1.348000000000000000e+03 3.861962273551141633e-01
1.352000000000000000e+03 3.857450719548076168e-01
1.356000000000000000e+03 3.862294650725333067e-01
1.360000000000000000e+03 3.894350673861117773e-01
1.364000000000000000e+03 3.934677763755171087e-01
1.368000000000000000e+03 4.006572115551310098e-01
1.372000000000000000e+03 4.081013949484811887e-01
1.376000000000000000e+03 4.188161447410390092e-01
1.380000000000000000e+03 4.308118659749246571e-01
1.384000000000000000e+03 4.447188485540600200e-01
1.388000000000000000e+03 4.608813124843396114e-01
1.392000000000000000e+03 4.784824670789291079e-01
1.396000000000000000e+03 4.985013385952446474e-01
1.400000000000000000e+03 5.208878549581605899e-01
1.404000000000000000e+03 5.451419642370117780e-01
1.408000000000000000e+03 5.712359584577820781e-01
1.412000000000000000e+03 5.981899448178006340e-01
1.416000000000000000e+03 6.273274708036745695e-01
1.420000000000000000e+03 6.575083356815270008e-01
1.424000000000000000e+03 6.883511339325920630e-01
1.428000000000000000e+03 7.175339735746562031e-01
1.432000000000000000e+03 7.462427456010892746e-01
1.436000000000000000e+03 7.732690913945440281e-01
1.440000000000000000e+03 7.962993959471497130e-01
1.444000000000000000e+03 8.147395853055984238e-01
1.448000000000000000e+03 8.296507145646055958e-01
1.452000000000000000e+03 8.373196579480165491e-01
1.456000000000000000e+03 8.401283808185946445e-01
1.460000000000000000e+03 8.374369507454326733e-01
1.464000000000000000e+03 8.284030559421037276e-01
1.468000000000000000e+03 8.141127702373573971e-01
1.472000000000000000e+03 7.956358882954474021e-01
1.476000000000000000e+03 7.738378745046092799e-01
1.480000000000000000e+03 7.502473212216678178e-01
1.484000000000000000e+03 7.239210333908546735e-01
1.488000000000000000e+03 6.974351025356465561e-01
1.492000000000000000e+03 6.704825932957575452e-01
1.496000000000000000e+03 6.447022590809293741e-01
1.500000000000000000e+03 6.184562743499765203e-01
1.504000000000000000e+03 5.942421108376153560e-01
1.508000000000000000e+03 5.714035628788313170e-01
1.512000000000000000e+03 5.503520965924192376e-01
1.516000000000000000e+03 5.308648216310271062e-01
1.520000000000000000e+03 5.121582059752324279e-01
1.524000000000000000e+03 4.957758727487479034e-01
1.528000000000000000e+03 4.803613151763507783e-01
1.532000000000000000e+03 4.673463363463926101e-01
1.536000000000000000e+03 4.545554847639277640e-01
1.540000000000000000e+03 4.441330348343290879e-01
1.544000000000000000e+03 4.350852244271681823e-01
1.548000000000000000e+03 4.268765530375461803e-01
1.552000000000000000e+03 4.195928318595978368e-01
1.556000000000000000e+03 4.133726612697101732e-01
1.560000000000000000e+03 4.090776660047037439e-01
1.564000000000000000e+03 4.059481486288764041e-01
1.568000000000000000e+03 4.024005619689915436e-01
1.572000000000000000e+03 4.009628364657937261e-01
1.576000000000000000e+03 4.003001838495200415e-01
1.580000000000000000e+03 4.007092671875287504e-01
1.584000000000000000e+03 4.019825320914790501e-01
1.588000000000000000e+03 4.044446434102742516e-01
1.592000000000000000e+03 4.073629856982149966e-01
1.596000000000000000e+03 4.118303664508274342e-01
1.600000000000000000e+03 4.165320421222973857e-01
1.604000000000000000e+03 4.228430793063914228e-01
1.608000000000000000e+03 4.295782319592973408e-01
1.612000000000000000e+03 4.372713986434128564e-01
1.616000000000000000e+03 4.454295748093955454e-01
1.620000000000000000e+03 4.550587976116087785e-01
1.624000000000000000e+03 4.660279520763050964e-01
1.628000000000000000e+03 4.778810334950028826e-01
1.632000000000000000e+03 4.912302384532870603e-01
1.636000000000000000e+03 5.044892016050996908e-01
1.640000000000000000e+03 5.197669580211544682e-01
1.644000000000000000e+03 5.352837941141492806e-01
1.648000000000000000e+03 5.524112421672835449e-01
1.652000000000000000e+03 5.704819289541870342e-01
1.656000000000000000e+03 5.895121055735513815e-01
1.660000000000000000e+03 6.085165910120474697e-01
1.664000000000000000e+03 6.288888259151841353e-01
1.668000000000000000e+03 6.503028641438712842e-01
1.672000000000000000e+03 6.711821864393312520e-01
1.676000000000000000e+03 6.937967641742066593e-01
1.680000000000000000e+03 7.146145860771355718e-01
1.684000000000000000e+03 7.364217287421993552e-01
1.688000000000000000e+03 7.575667725973080913e-01
1.692000000000000000e+03 7.774420352346107510e-01
1.696000000000000000e+03 7.962298576553078489e-01
1.700000000000000000e+03 8.137520546742729177e-01
1.704000000000000000e+03 8.294012647293017571e-01
1.708000000000000000e+03 8.431306934201672210e-01
1.712000000000000000e+03 8.533378916960867588e-01
1.716000000000000000e+03 8.622907890814267562e-01
1.720000000000000000e+03 8.670658627610360325e-01
1.724000000000000000e+03 8.698643120742813872e-01
1.728000000000000000e+03 8.700459188891008777e-01
1.732000000000000000e+03 8.667819954724946818e-01
1.736000000000000000e+03 8.607763335655673753e-01
1.740000000000000000e+03 8.522898944371190000e-01
1.744000000000000000e+03 8.404248754200509541e-01
1.748000000000000000e+03 8.278165330576874315e-01
1.752000000000000000e+03 8.131469034321184841e-01
1.756000000000000000e+03 7.967687974846372478e-01
1.760000000000000000e+03 7.804901426226157346e-01
1.764000000000000000e+03 7.624657050901624267e-01
1.768000000000000000e+03 7.433240172545083624e-01
1.772000000000000000e+03 7.244452035399137069e-01
1.776000000000000000e+03 7.057541382249155060e-01
1.780000000000000000e+03 6.867904304221611467e-01
1.784000000000000000e+03 6.685876676635327254e-01
1.788000000000000000e+03 6.500057412925721589e-01
1.792000000000000000e+03 6.323210712516463827e-01
1.796000000000000000e+03 6.153065429965762778e-01
1.800000000000000000e+03 5.988374308945351165e-01
1.804000000000000000e+03 5.833200962428317649e-01
1.808000000000000000e+03 5.682901305785980073e-01
1.812000000000000000e+03 5.544465680318747536e-01
1.816000000000000000e+03 5.416459611925192874e-01
1.820000000000000000e+03 5.283714079836391297e-01
1.824000000000000000e+03 5.172562154894219111e-01
1.828000000000000000e+03 5.063079373098274827e-01
1.832000000000000000e+03 4.954758929191782624e-01
1.836000000000000000e+03 4.862725727102858442e-01
1.840000000000000000e+03 4.765515360459399163e-01
1.844000000000000000e+03 4.686710830777337522e-01
1.848000000000000000e+03 4.614765973606159144e-01
1.852000000000000000e+03 4.544730468800148859e-01
1.856000000000000000e+03 4.479065216528730353e-01
1.860000000000000000e+03 4.417400204893753290e-01
1.864000000000000000e+03 4.365652440804470014e-01
1.868000000000000000e+03 4.317024120740596826e-01
1.872000000000000000e+03 4.278868092563697934e-01
1.876000000000000000e+03 4.239075519991750141e-01
1.880000000000000000e+03 4.211551366547428010e-01
1.884000000000000000e+03 4.187218975506311058e-01
1.888000000000000000e+03 4.165558736979845245e-01
1.892000000000000000e+03 4.145813835402955561e-01
1.896000000000000000e+03 4.138279644786323486e-01
1.900000000000000000e+03 4.130206070418150910e-01
1.904000000000000000e+03 4.123301632525261384e-01
1.908000000000000000e+03 4.121344621298601574e-01
1.912000000000000000e+03 4.129574767794123025e-01
1.916000000000000000e+03 4.136748557969909257e-01
1.920000000000000000e+03 4.153611169466726594e-01
1.924000000000000000e+03 4.164849740178380721e-01
1.928000000000000000e+03 4.187678687648161979e-01
1.932000000000000000e+03 4.210800710717705342e-01
1.936000000000000000e+03 4.239787367870933021e-01
1.940000000000000000e+03 4.273361309557561216e-01
1.944000000000000000e+03 4.314664792829828732e-01
1.948000000000000000e+03 4.352727403881150314e-01
1.952000000000000000e+03 4.401258648509097648e-01
1.956000000000000000e+03 4.448386380715662614e-01
1.960000000000000000e+03 4.502084101427921703e-01
1.964000000000000000e+03 4.562656571556422125e-01
1.968000000000000000e+03 4.625433083583480598e-01
1.972000000000000000e+03 4.693143476731604369e-01
1.976000000000000000e+03 4.770731824375213925e-01
1.980000000000000000e+03 4.840017648300734554e-01
1.984000000000000000e+03 4.924557810853553153e-01
1.988000000000000000e+03 5.005163766514708623e-01
1.992000000000000000e+03 5.094137961997365904e-01
1.996000000000000000e+03 5.186451223174912695e-01
2.000000000000000000e+03 5.284812194535184471e-01
2.004000000000000000e+03 5.392076742227391861e-01
2.008000000000000000e+03 5.494248449767045184e-01
2.012000000000000000e+03 5.607382801191430621e-01
2.016000000000000000e+03 5.722048957398196967e-01
2.020000000000000000e+03 5.846403726310386295e-01
2.024000000000000000e+03 5.965285584439222744e-01
2.028000000000000000e+03 6.095766317892431507e-01
2.032000000000000000e+03 6.216953652085227544e-01
2.036000000000000000e+03 6.357816957359834209e-01
2.040000000000000000e+03 6.486068254230403785e-01
2.044000000000000000e+03 6.622467319986568013e-01
2.048000000000000000e+03 6.771688982147460178e-01
2.052000000000000000e+03 6.911996565875196952e-01
2.056000000000000000e+03 7.046275915837424408e-01
2.060000000000000000e+03 7.190899601209983505e-01
2.064000000000000000e+03 7.333629649659618721e-01
2.068000000000000000e+03 7.471775721240081491e-01
2.072000000000000000e+03 7.611621789024110019e-01
2.076000000000000000e+03 7.750506752506168828e-01
2.080000000000000000e+03 7.882008139524789847e-01
2.084000000000000000e+03 8.006099506124284559e-01
2.088000000000000000e+03 8.128213960830777962e-01
2.092000000000000000e+03 8.250042362044935906e-01
2.096000000000000000e+03 8.358514634089799777e-01
2.100000000000000000e+03 8.452744079559817436e-01
2.104000000000000000e+03 8.546890753868399138e-01
2.108000000000000000e+03 8.635779948398126793e-01
2.112000000000000000e+03 8.707756938097586108e-01
2.116000000000000000e+03 8.764594809784016505e-01
2.120000000000000000e+03 8.818324725710656731e-01
2.124000000000000000e+03 8.853449473666090697e-01
2.128000000000000000e+03 8.885419883918651562e-01
2.132000000000000000e+03 8.891735099120363639e-01
2.136000000000000000e+03 8.898394901854660421e-01
2.140000000000000000e+03 8.892623905710448362e-01
2.144000000000000000e+03 8.862650240886713604e-01
2.148000000000000000e+03 8.830746789834650334e-01
2.152000000000000000e+03 8.792453386589625941e-01
2.156000000000000000e+03 8.736907690549701178e-01
2.160000000000000000e+03 8.676178122955806593e-01
2.164000000000000000e+03 8.596237876117140964e-01
2.168000000000000000e+03 8.524363149863960487e-01
2.172000000000000000e+03 8.433680995328709518e-01
2.176000000000000000e+03 8.333240356866199461e-01
2.180000000000000000e+03 8.232752637134298501e-01
2.184000000000000000e+03 8.127917814812839481e-01
2.188000000000000000e+03 8.021934502814822565e-01
2.192000000000000000e+03 7.908445273223156935e-01
2.196000000000000000e+03 7.789178171012531848e-01
