6.000000000000000000e+02 2.737360446687189829e-04
6.040000000000000000e+02 3.805295352222734582e-04
6.080000000000000000e+02 1.038264400493846723e-04
6.120000000000000000e+02 5.053211454776045542e-04
6.160000000000000000e+02 6.566234565155596803e-04
6.200000000000000000e+02 5.871007898783078073e-05
6.240000000000000000e+02 5.469113296273022014e-04
6.280000000000000000e+02 4.468559540622784698e-04
6.320000000000000000e+02 6.495948754864632477e-04
6.360000000000000000e+02 7.997549683691625947e-04
6.400000000000000000e+02 5.432130136064041619e-04
6.440000000000000000e+02 6.907294240350157115e-04
6.480000000000000000e+02 2.344561978014320189e-04
6.520000000000000000e+02 3.775690114417803197e-05
6.560000000000000000e+02 3.266992042696192423e-04
6.600000000000000000e+02 6.986934909571976531e-04
6.640000000000000000e+02 3.343211732374792118e-04
6.680000000000000000e+02 3.283407696905321117e-04
6.720000000000000000e+02 2.079007225541841400e-05
6.760000000000000000e+02 9.688435327689991043e-04
6.800000000000000000e+02 5.206986920714108073e-04
6.840000000000000000e+02 1.607411474589002587e-04
6.880000000000000000e+02 4.639440008994525385e-04
6.920000000000000000e+02 4.806756742138900817e-05
6.960000000000000000e+02 3.711387430848597812e-04
7.000000000000000000e+02 5.737277094490519187e-04
7.040000000000000000e+02 6.760020564739484391e-04
7.080000000000000000e+02 4.315274721478029683e-04
7.120000000000000000e+02 1.204997408656966580e-04
7.160000000000000000e+02 3.804972661889934678e-04
7.200000000000000000e+02 9.050683616446457370e-04
7.240000000000000000e+02 5.802177912763476723e-04
7.280000000000000000e+02 1.368187558833259924e-03
7.320000000000000000e+02 1.083963262311882138e-03
7.360000000000000000e+02 9.880401559302673213e-04
7.400000000000000000e+02 1.364538932075528514e-03
7.440000000000000000e+02 1.151977936691229998e-03
7.480000000000000000e+02 1.543204807656248581e-03
7.520000000000000000e+02 2.230282233272395855e-03
7.560000000000000000e+02 2.653355031162455899e-03
7.600000000000000000e+02 3.460477613758314568e-03
7.640000000000000000e+02 3.873712442332305841e-03
7.680000000000000000e+02 4.894574722178242181e-03
7.720000000000000000e+02 5.356759471623574395e-03
7.760000000000000000e+02 6.218947584828793743e-03
7.800000000000000000e+02 6.936139795961285617e-03
7.840000000000000000e+02 7.888113315023417491e-03
7.880000000000000000e+02 9.836750086799321210e-03
7.920000000000000000e+02 1.086509049793119193e-02
7.960000000000000000e+02 1.250691649793803963e-02
8.000000000000000000e+02 1.406468015322982594e-02
8.040000000000000000e+02 1.577909845066865699e-02
8.080000000000000000e+02 1.739761431265793301e-02
8.120000000000000000e+02 2.009687007128081043e-02
8.160000000000000000e+02 2.227370771473244707e-02
8.200000000000000000e+02 2.468005676285085076e-02
8.240000000000000000e+02 2.644273682413536899e-02
8.280000000000000000e+02 2.988572502764125921e-02
8.320000000000000000e+02 3.247266007575381336e-02
8.360000000000000000e+02 3.551998342510365170e-02
8.400000000000000000e+02 3.788538399732518241e-02
8.440000000000000000e+02 4.137867717066082140e-02
8.480000000000000000e+02 4.444055450675726826e-02
8.520000000000000000e+02 4.794754180358857393e-02
8.560000000000000000e+02 5.186139340121022345e-02
8.600000000000000000e+02 5.532206040670180347e-02
8.640000000000000000e+02 5.957970904616079894e-02
8.680000000000000000e+02 6.293564727643789769e-02
8.720000000000000000e+02 6.615358590976762321e-02
8.760000000000000000e+02 7.005025974654791043e-02
8.800000000000000000e+02 7.457025367466696419e-02
8.840000000000000000e+02 7.794888161594655529e-02
8.880000000000000000e+02 8.259051164515922305e-02
8.920000000000000000e+02 8.721440895531269721e-02
8.960000000000000000e+02 9.176675808864745432e-02
9.000000000000000000e+02 9.686968761071027001e-02
9.040000000000000000e+02 1.017186095066912044e-01
9.080000000000000000e+02 1.071701976679733936e-01
9.120000000000000000e+02 1.125744698997646620e-01
9.160000000000000000e+02 1.171242604016539401e-01
9.200000000000000000e+02 1.217436766987785579e-01
9.240000000000000000e+02 1.254284756957329827e-01
9.280000000000000000e+02 1.296911228836976349e-01
9.320000000000000000e+02 1.323517190279107636e-01
9.360000000000000000e+02 1.358759792191371885e-01
9.400000000000000000e+02 1.387728851527383345e-01
9.440000000000000000e+02 1.420920359089762885e-01
9.480000000000000000e+02 1.456737508112547763e-01
9.520000000000000000e+02 1.509650816677519936e-01
9.560000000000000000e+02 1.576933091521857400e-01
9.600000000000000000e+02 1.640081656938327526e-01
9.640000000000000000e+02 1.708059899811467108e-01
9.680000000000000000e+02 1.784198043687202917e-01
9.720000000000000000e+02 1.854813061339234126e-01
9.760000000000000000e+02 1.918251507754769047e-01
9.800000000000000000e+02 1.985263988106651944e-01
9.840000000000000000e+02 2.037713916701096584e-01
9.880000000000000000e+02 2.079402295330260164e-01
9.920000000000000000e+02 2.113632049191394024e-01
9.960000000000000000e+02 2.126628866113493277e-01
1.000000000000000000e+03 2.139400794200605749e-01
1.004000000000000000e+03 2.138376961451510516e-01
1.008000000000000000e+03 2.138030534591903453e-01
1.012000000000000000e+03 2.123649528635164485e-01
1.016000000000000000e+03 2.131106475101142428e-01
1.020000000000000000e+03 2.144312144120005537e-01
1.024000000000000000e+03 2.173453698357300234e-01
1.028000000000000000e+03 2.234139962589288264e-01
1.032000000000000000e+03 2.311239285377629793e-01
1.036000000000000000e+03 2.399573056033769136e-01
1.040000000000000000e+03 2.505646209645785438e-01
1.044000000000000000e+03 2.605132462807383531e-01
1.048000000000000000e+03 2.705004304534878723e-01
1.052000000000000000e+03 2.805335309863212778e-01
1.056000000000000000e+03 2.893028681882510167e-01
1.060000000000000000e+03 2.963692768250044129e-01
1.064000000000000000e+03 3.017180228198088621e-01
1.068000000000000000e+03 3.069697094268382109e-01
1.072000000000000000e+03 3.094618875667269342e-01
1.076000000000000000e+03 3.104988055854813744e-01
1.080000000000000000e+03 3.097931919221662556e-01
1.084000000000000000e+03 3.075019847740705914e-01
1.088000000000000000e+03 3.033983765338879035e-01
1.092000000000000000e+03 2.981022172855246621e-01
1.096000000000000000e+03 2.911268424298852908e-01
1.100000000000000000e+03 2.855888538532924126e-01
1.104000000000000000e+03 2.793738741483710597e-01
1.108000000000000000e+03 2.764977069538073762e-01
1.112000000000000000e+03 2.748067416645395555e-01
1.116000000000000000e+03 2.764598558900553948e-01
1.120000000000000000e+03 2.812311845572755264e-01
1.124000000000000000e+03 2.897929951403298010e-01
1.128000000000000000e+03 3.001766469781794733e-01
1.132000000000000000e+03 3.125768237978796549e-01
1.136000000000000000e+03 3.264855561314618515e-01
1.140000000000000000e+03 3.399960544324572287e-01
1.144000000000000000e+03 3.543115003898238413e-01
1.148000000000000000e+03 3.673025071212607795e-01
1.152000000000000000e+03 3.798144463906296120e-01
1.156000000000000000e+03 3.900755521181922814e-01
1.160000000000000000e+03 3.989515049358337007e-01
1.164000000000000000e+03 4.050459041635132151e-01
1.168000000000000000e+03 4.100893962281962901e-01
1.172000000000000000e+03 4.132410140979731472e-01
1.176000000000000000e+03 4.143446313201836761e-01
1.180000000000000000e+03 4.132586299919024375e-01
1.184000000000000000e+03 4.104024038665128327e-01
1.188000000000000000e+03 4.049602577237214063e-01
1.192000000000000000e+03 3.967825322963496326e-01
1.196000000000000000e+03 3.878069532904784289e-01
1.200000000000000000e+03 3.765231443357884289e-01
1.204000000000000000e+03 3.648737845195464402e-01
1.208000000000000000e+03 3.527718661074666362e-01
1.212000000000000000e+03 3.421177805220171342e-01
1.216000000000000000e+03 3.321315987388923641e-01
1.220000000000000000e+03 3.245925615362256211e-01
1.224000000000000000e+03 3.197616846854400841e-01
1.228000000000000000e+03 3.169551629278944405e-01
1.232000000000000000e+03 3.177922152986263349e-01
1.236000000000000000e+03 3.222187338930369016e-01
1.240000000000000000e+03 3.286076686684356041e-01
1.244000000000000000e+03 3.390301815194393109e-01
1.248000000000000000e+03 3.508638166008712367e-01
1.252000000000000000e+03 3.648916839500508935e-01
1.256000000000000000e+03 3.817647464627555998e-01
1.260000000000000000e+03 3.983898327087581626e-01
1.264000000000000000e+03 4.153608255778921676e-01
1.268000000000000000e+03 4.324093611720877250e-01
1.272000000000000000e+03 4.483811261790880409e-01
1.276000000000000000e+03 4.626788819858648205e-01
1.280000000000000000e+03 4.763002091961632822e-01
1.284000000000000000e+03 4.874668764280867816e-01
1.288000000000000000e+03 4.975512322604425108e-01
1.292000000000000000e+03 5.047287268882699740e-01
1.296000000000000000e+03 5.101034427120237913e-01
1.300000000000000000e+03 5.140451735268655176e-01
1.304000000000000000e+03 5.151892498197732095e-01
1.308000000000000000e+03 5.144469256778351207e-01
1.312000000000000000e+03 5.116964136196631152e-01
1.316000000000000000e+03 5.064130318941217901e-01
1.320000000000000000e+03 4.983621951936748617e-01
1.324000000000000000e+03 4.887454354037003568e-01
1.328000000000000000e+03 4.772168029014834389e-01
1.332000000000000000e+03 4.640658359631812946e-01
1.336000000000000000e+03 4.493096549335330869e-01
1.340000000000000000e+03 4.338833053197987955e-01
1.344000000000000000e+03 4.181222879592247921e-01
1.348000000000000000e+03 4.032695260812860227e-01
1.352000000000000000e+03 3.889372891675993982e-01
1.356000000000000000e+03 3.762008185823841888e-01
1.360000000000000000e+03 3.650753930728528052e-01
1.364000000000000000e+03 3.563491022865654667e-01
1.368000000000000000e+03 3.492825177834818495e-01
1.372000000000000000e+03 3.447597299476551358e-01
1.376000000000000000e+03 3.419882770839575148e-01
1.380000000000000000e+03 3.422552478620285443e-01
1.384000000000000000e+03 3.450819306974463596e-01
1.388000000000000000e+03 3.496686853949558249e-01
1.392000000000000000e+03 3.562695379080700886e-01
1.396000000000000000e+03 3.650145524671800090e-01
1.400000000000000000e+03 3.761966805604683439e-01
1.404000000000000000e+03 3.885833442735950327e-01
1.408000000000000000e+03 4.035426131984573006e-01
1.412000000000000000e+03 4.197347181166993790e-01
1.416000000000000000e+03 4.363064952442387012e-01
1.420000000000000000e+03 4.547334702648067606e-01
1.424000000000000000e+03 4.731849996614450049e-01
1.428000000000000000e+03 4.908814094205578571e-01
1.432000000000000000e+03 5.089995853680360227e-01
1.436000000000000000e+03 5.255109082144922006e-01
1.440000000000000000e+03 5.409835232047376374e-01
1.444000000000000000e+03 5.556964195569370490e-01
1.448000000000000000e+03 5.676339069318960817e-01
1.452000000000000000e+03 5.793315548967070683e-01
1.456000000000000000e+03 5.880109207103504376e-01
1.460000000000000000e+03 5.949256952098916917e-01
1.464000000000000000e+03 6.010080723862166741e-01
1.468000000000000000e+03 6.038454422591030823e-01
1.472000000000000000e+03 6.053016291648528613e-01
1.476000000000000000e+03 6.058165651135637431e-01
1.480000000000000000e+03 6.025369828817230822e-01
1.484000000000000000e+03 5.985042858422875423e-01
1.488000000000000000e+03 5.918474852158875921e-01
1.492000000000000000e+03 5.839973698905228661e-01
1.496000000000000000e+03 5.734053531315880248e-01
1.500000000000000000e+03 5.616312117592063835e-01
1.504000000000000000e+03 5.487442918803113745e-01
1.508000000000000000e+03 5.336039524980247251e-01
1.512000000000000000e+03 5.183932024179105369e-01
1.516000000000000000e+03 5.020493955579360401e-01
1.520000000000000000e+03 4.855043304760175427e-01
1.524000000000000000e+03 4.689868006794171151e-01
1.528000000000000000e+03 4.523481807993869341e-01
1.532000000000000000e+03 4.367955265196890591e-01
1.536000000000000000e+03 4.224037069194255811e-01
1.540000000000000000e+03 4.091769093508289545e-01
1.544000000000000000e+03 3.975656152920574171e-01
1.548000000000000000e+03 3.868624720561630870e-01
1.552000000000000000e+03 3.777922575698695051e-01
1.556000000000000000e+03 3.710909283797554914e-01
1.560000000000000000e+03 3.648320461407234538e-01
1.564000000000000000e+03 3.603495336751428857e-01
1.568000000000000000e+03 3.576138432089212560e-01
1.572000000000000000e+03 3.560292239365173694e-01
1.576000000000000000e+03 3.557464352654708395e-01
1.580000000000000000e+03 3.564193393647848707e-01
1.584000000000000000e+03 3.586258234950380763e-01
1.588000000000000000e+03 3.632165205668290708e-01
1.592000000000000000e+03 3.685101910958055171e-01
1.596000000000000000e+03 3.750451329655488664e-01
1.600000000000000000e+03 3.829706768263592132e-01
1.604000000000000000e+03 3.923400216615877678e-01
1.608000000000000000e+03 4.025983118835718133e-01
1.612000000000000000e+03 4.139825436314936713e-01
1.616000000000000000e+03 4.274205383932954683e-01
1.620000000000000000e+03 4.413972829131711517e-01
1.624000000000000000e+03 4.565020682813414887e-01
1.628000000000000000e+03 4.721518943028025217e-01
1.632000000000000000e+03 4.886525394781882636e-01
1.636000000000000000e+03 5.055575812970928284e-01
1.640000000000000000e+03 5.222870409626931831e-01
1.644000000000000000e+03 5.394299049294432047e-01
1.648000000000000000e+03 5.570229876258875334e-01
1.652000000000000000e+03 5.734036869546549342e-01
1.656000000000000000e+03 5.888966100811684479e-01
1.660000000000000000e+03 6.038969758497428897e-01
1.664000000000000000e+03 6.177498480632714895e-01
1.668000000000000000e+03 6.312965399002875566e-01
1.672000000000000000e+03 6.424017338272378641e-01
1.676000000000000000e+03 6.532542989416173507e-01
1.680000000000000000e+03 6.620265512855721957e-01
1.684000000000000000e+03 6.692727880946308661e-01
1.688000000000000000e+03 6.753742253324329647e-01
1.692000000000000000e+03 6.798236141216826844e-01
1.696000000000000000e+03 6.832830711933095547e-01
1.700000000000000000e+03 6.841883225815147407e-01
1.704000000000000000e+03 6.839274963719929046e-01
1.708000000000000000e+03 6.826960755651770851e-01
1.712000000000000000e+03 6.793013152344529182e-01
1.716000000000000000e+03 6.744421635151941485e-01
1.720000000000000000e+03 6.676227186542391667e-01
1.724000000000000000e+03 6.599721376170220033e-01
1.728000000000000000e+03 6.503886883643380523e-01
1.732000000000000000e+03 6.398687123285684564e-01
1.736000000000000000e+03 6.280074800852392114e-01
1.740000000000000000e+03 6.151075187035834890e-01
1.744000000000000000e+03 6.011391364291345241e-01
1.748000000000000000e+03 5.871384685231813005e-01
1.752000000000000000e+03 5.716935229260771134e-01
1.756000000000000000e+03 5.562081013480901781e-01
1.760000000000000000e+03 5.407755934487783467e-01
1.764000000000000000e+03 5.255105211784195651e-01
1.768000000000000000e+03 5.100770302044184135e-01
1.772000000000000000e+03 4.950687381423083955e-01
1.776000000000000000e+03 4.805937108766120680e-01
1.780000000000000000e+03 4.672946314564473957e-01
1.784000000000000000e+03 4.547908394408021748e-01
1.788000000000000000e+03 4.420776810453078132e-01
1.792000000000000000e+03 4.310043189127292784e-01
1.796000000000000000e+03 4.200966460240401212e-01
1.800000000000000000e+03 4.103357455167874202e-01
1.804000000000000000e+03 4.015987688850524151e-01
1.808000000000000000e+03 3.935902235632373070e-01
1.812000000000000000e+03 3.876150813054172750e-01
1.816000000000000000e+03 3.809539608341612205e-01
1.820000000000000000e+03 3.754638040901130958e-01
1.824000000000000000e+03 3.717358249176186957e-01
1.828000000000000000e+03 3.678893554546185385e-01
1.832000000000000000e+03 3.646175934564815924e-01
1.836000000000000000e+03 3.633976249491693289e-01
1.840000000000000000e+03 3.614655137599449009e-01
1.844000000000000000e+03 3.607810920130034571e-01
1.848000000000000000e+03 3.609242972281643258e-01
1.852000000000000000e+03 3.621626458691966643e-01
1.856000000000000000e+03 3.632616058844766460e-01
1.860000000000000000e+03 3.659972856644798656e-01
1.864000000000000000e+03 3.691168082843095943e-01
1.868000000000000000e+03 3.730105939535553472e-01
1.872000000000000000e+03 3.771098145836622173e-01
1.876000000000000000e+03 3.817720438768842373e-01
1.880000000000000000e+03 3.882424540931762591e-01
1.884000000000000000e+03 3.942957425119643644e-01
1.888000000000000000e+03 4.021716659688142625e-01
1.892000000000000000e+03 4.092666052327145199e-01
1.896000000000000000e+03 4.176845805626093755e-01
1.900000000000000000e+03 4.278489325098798202e-01
1.904000000000000000e+03 4.369339018166667477e-01
1.908000000000000000e+03 4.481718977404769988e-01
1.912000000000000000e+03 4.587537926908700214e-01
1.916000000000000000e+03 4.713490530143447654e-01
1.920000000000000000e+03 4.830143130122649398e-01
1.924000000000000000e+03 4.958780526822113566e-01
1.928000000000000000e+03 5.092489121871487390e-01
1.932000000000000000e+03 5.229383475120524816e-01
1.936000000000000000e+03 5.377442943743752091e-01
1.940000000000000000e+03 5.521617476391600388e-01
1.944000000000000000e+03 5.658340687272961356e-01
1.948000000000000000e+03 5.805623682595190127e-01
1.952000000000000000e+03 5.953449478273982187e-01
1.956000000000000000e+03 6.093302273991030305e-01
1.960000000000000000e+03 6.236274719303618319e-01
1.964000000000000000e+03 6.376501847546559576e-01
1.968000000000000000e+03 6.508986029418494246e-01
1.972000000000000000e+03 6.632291404014157843e-01
1.976000000000000000e+03 6.755432891214899760e-01
1.980000000000000000e+03 6.865480986370482430e-01
1.984000000000000000e+03 6.975621547280775880e-01
1.988000000000000000e+03 7.073169544417065024e-01
1.992000000000000000e+03 7.159345770003934240e-01
1.996000000000000000e+03 7.244150897561356661e-01
2.000000000000000000e+03 7.313160779900698127e-01
2.004000000000000000e+03 7.368655728768134239e-01
2.008000000000000000e+03 7.422210541149972807e-01
2.012000000000000000e+03 7.456332959975356944e-01
2.016000000000000000e+03 7.482394796446888430e-01
2.020000000000000000e+03 7.503923689015618015e-01
2.024000000000000000e+03 7.508745711421258573e-01
2.028000000000000000e+03 7.510056585182000033e-01
2.032000000000000000e+03 7.488154052636546432e-01
2.036000000000000000e+03 7.462744944596085839e-01
2.040000000000000000e+03 7.429827275476419413e-01
2.044000000000000000e+03 7.379203912045924074e-01
2.048000000000000000e+03 7.322072318838607208e-01
2.052000000000000000e+03 7.262633997488673332e-01
2.056000000000000000e+03 7.187594511635717609e-01
2.060000000000000000e+03 7.098177224772685978e-01
2.064000000000000000e+03 7.009401442850902164e-01
2.068000000000000000e+03 6.916345033141104715e-01
2.072000000000000000e+03 6.810554215624974317e-01
2.076000000000000000e+03 6.700461400708263016e-01
2.080000000000000000e+03 6.575960809670117202e-01
2.084000000000000000e+03 6.458105843237456067e-01
2.088000000000000000e+03 6.336539658986012347e-01
2.092000000000000000e+03 6.214192178588053839e-01
2.096000000000000000e+03 6.084960818374666180e-01
2.100000000000000000e+03 5.952590443585854540e-01
2.104000000000000000e+03 5.821094825206100110e-01
2.108000000000000000e+03 5.696838152949895706e-01
2.112000000000000000e+03 5.568752520956103957e-01
2.116000000000000000e+03 5.446400546633617390e-01
2.120000000000000000e+03 5.324981707711001766e-01
2.124000000000000000e+03 5.208554993619839424e-01
2.128000000000000000e+03 5.087954492345578839e-01
2.132000000000000000e+03 4.983180346229709734e-01
2.136000000000000000e+03 4.873903972779047300e-01
2.140000000000000000e+03 4.770709504926720079e-01
2.144000000000000000e+03 4.676236068597919848e-01
2.148000000000000000e+03 4.576029026886611062e-01
2.152000000000000000e+03 4.490623354398989298e-01
2.156000000000000000e+03 4.410103146272600916e-01
2.160000000000000000e+03 4.327235389146618094e-01
2.164000000000000000e+03 4.251194551643612818e-01
2.168000000000000000e+03 4.183507459962800268e-01
2.172000000000000000e+03 4.125650911593530257e-01
2.176000000000000000e+03 4.063251298871329298e-01
2.180000000000000000e+03 4.005121660643456982e-01
2.184000000000000000e+03 3.948346060402860291e-01
2.188000000000000000e+03 3.902130191476214094e-01
2.192000000000000000e+03 3.861157332037948309e-01
2.196000000000000000e+03 3.822853814739894940e-01
