6.000000000000000000e+02 2.720977962005025064e-02
6.040000000000000000e+02 3.071291583799908367e-02
6.080000000000000000e+02 3.590408043134807325e-02
6.120000000000000000e+02 4.121565741266468297e-02
6.160000000000000000e+02 4.682878496822125147e-02
6.200000000000000000e+02 5.252725665163337360e-02
6.240000000000000000e+02 5.737679400888016923e-02
6.280000000000000000e+02 6.300006537360400283e-02
6.320000000000000000e+02 6.951163758550397975e-02
6.360000000000000000e+02 7.529261986014397501e-02
6.400000000000000000e+02 8.312449945504468696e-02
6.440000000000000000e+02 9.079001837028494171e-02
6.480000000000000000e+02 1.004230446738337834e-01
6.520000000000000000e+02 1.100391615919150967e-01
6.560000000000000000e+02 1.184045312799801714e-01
6.600000000000000000e+02 1.266167297615113096e-01
6.640000000000000000e+02 1.339138536530057044e-01
6.680000000000000000e+02 1.394447886171822082e-01
6.720000000000000000e+02 1.442612774958134392e-01
6.760000000000000000e+02 1.492478956386577016e-01
6.800000000000000000e+02 1.552419497595012299e-01
6.840000000000000000e+02 1.633707377547377326e-01
6.880000000000000000e+02 1.733966828668374038e-01
6.920000000000000000e+02 1.858115272681539754e-01
6.960000000000000000e+02 2.002144856990136224e-01
7.000000000000000000e+02 2.137696383555395541e-01
7.040000000000000000e+02 2.279951574732110298e-01
7.080000000000000000e+02 2.388806928255676476e-01
7.120000000000000000e+02 2.475813158002130032e-01
7.160000000000000000e+02 2.521316075339697371e-01
7.200000000000000000e+02 2.539906387337389493e-01
7.240000000000000000e+02 2.535269022878504641e-01
7.280000000000000000e+02 2.524172110655678591e-01
7.320000000000000000e+02 2.518147089619411916e-01
7.360000000000000000e+02 2.528902874267850986e-01
7.400000000000000000e+02 2.575453736809623084e-01
7.440000000000000000e+02 2.668370843141297244e-01
7.480000000000000000e+02 2.807255098444836894e-01
7.520000000000000000e+02 2.970134226566162328e-01
7.560000000000000000e+02 3.161239518997547293e-01
7.600000000000000000e+02 3.362918474698922133e-01
7.640000000000000000e+02 3.552501289070335577e-01
7.680000000000000000e+02 3.708143183301236823e-01
7.720000000000000000e+02 3.831637581821623617e-01
7.760000000000000000e+02 3.906231909925650392e-01
7.800000000000000000e+02 3.921372894758262118e-01
7.840000000000000000e+02 3.893228694382085409e-01
7.880000000000000000e+02 3.828605212331723795e-01
7.920000000000000000e+02 3.721076775067888032e-01
7.960000000000000000e+02 3.618253454267231217e-01
8.000000000000000000e+02 3.525276070715816501e-01
8.040000000000000000e+02 3.454781085696756460e-01
8.080000000000000000e+02 3.425551591520826777e-01
8.120000000000000000e+02 3.443157975099712664e-01
8.160000000000000000e+02 3.505824019220948329e-01
8.200000000000000000e+02 3.621916405655755122e-01
8.240000000000000000e+02 3.784348322472147474e-01
8.280000000000000000e+02 3.986035749378687987e-01
8.320000000000000000e+02 4.216159957216983889e-01
8.360000000000000000e+02 4.460567614164661077e-01
8.400000000000000000e+02 4.696384373485675279e-01
8.440000000000000000e+02 4.919562142201550081e-01
8.480000000000000000e+02 5.100535234643658322e-01
8.520000000000000000e+02 5.229564518757549019e-01
8.560000000000000000e+02 5.309399494240805151e-01
8.600000000000000000e+02 5.328765198358190736e-01
8.640000000000000000e+02 5.291877734233181307e-01
8.680000000000000000e+02 5.195700769397644248e-01
8.720000000000000000e+02 5.063813506374131856e-01
8.760000000000000000e+02 4.902814686518072729e-01
8.800000000000000000e+02 4.720758516515684011e-01
8.840000000000000000e+02 4.538850030810464564e-01
8.880000000000000000e+02 4.378457376765146902e-01
8.920000000000000000e+02 4.251095239742092025e-01
8.960000000000000000e+02 4.146255560298027776e-01
9.000000000000000000e+02 4.094962483904445727e-01
9.040000000000000000e+02 4.077138205840727947e-01
9.080000000000000000e+02 4.104186735294255151e-01
9.120000000000000000e+02 4.173538271518287268e-01
9.160000000000000000e+02 4.283911538984232492e-01
9.200000000000000000e+02 4.426862662707519158e-01
9.240000000000000000e+02 4.620289745707659157e-01
9.280000000000000000e+02 4.834466509961909964e-01
9.320000000000000000e+02 5.069818098880833901e-01
9.360000000000000000e+02 5.327054340302960211e-01
9.400000000000000000e+02 5.579734969425388380e-01
9.440000000000000000e+02 5.824488509443691564e-01
9.480000000000000000e+02 6.046802321536803859e-01
9.520000000000000000e+02 6.244843797427278576e-01
9.560000000000000000e+02 6.393950463753788060e-01
9.600000000000000000e+02 6.487962896538076452e-01
9.640000000000000000e+02 6.540105717339106395e-01
9.680000000000000000e+02 6.535528704228296126e-01
9.720000000000000000e+02 6.475422679536881887e-01
9.760000000000000000e+02 6.363814967798129274e-01
9.800000000000000000e+02 6.224968498752470047e-01
9.840000000000000000e+02 6.040654709199980710e-01
9.880000000000000000e+02 5.850719911222502789e-01
9.920000000000000000e+02 5.635904797589069704e-01
9.960000000000000000e+02 5.423767726189198113e-01
1.000000000000000000e+03 5.232693695308681114e-01
1.004000000000000000e+03 5.042551603769346302e-01
1.008000000000000000e+03 4.885505681154365676e-01
1.012000000000000000e+03 4.755625021755112147e-01
1.016000000000000000e+03 4.649823641994109136e-01
1.020000000000000000e+03 4.567334444768907931e-01
1.024000000000000000e+03 4.524621506091698886e-01
1.028000000000000000e+03 4.499411457479414178e-01
1.032000000000000000e+03 4.510369451082053560e-01
1.036000000000000000e+03 4.551287132335564145e-01
1.040000000000000000e+03 4.622258508874690364e-01
1.044000000000000000e+03 4.712222303980772020e-01
1.048000000000000000e+03 4.828602834599794447e-01
1.052000000000000000e+03 4.981443562274640580e-01
1.056000000000000000e+03 5.150997789466037480e-01
1.060000000000000000e+03 5.337816372814188082e-01
1.064000000000000000e+03 5.541360335393984426e-01
1.068000000000000000e+03 5.767408485148359798e-01
1.072000000000000000e+03 6.000456493401353786e-01
1.076000000000000000e+03 6.235025659279358479e-01
1.080000000000000000e+03 6.460606053722909303e-01
1.084000000000000000e+03 6.687817683426787729e-01
1.088000000000000000e+03 6.884679748253903497e-01
1.092000000000000000e+03 7.068417233646810960e-01
1.096000000000000000e+03 7.218740366785703078e-01
1.100000000000000000e+03 7.334942941138004047e-01
1.104000000000000000e+03 7.411326867189719225e-01
1.108000000000000000e+03 7.458375637670110470e-01
1.112000000000000000e+03 7.466149610013785853e-01
1.116000000000000000e+03 7.425518515992707291e-01
1.120000000000000000e+03 7.353409565126954872e-01
1.124000000000000000e+03 7.247763072930742956e-01
1.128000000000000000e+03 7.121511388694584666e-01
1.132000000000000000e+03 6.956247718200969654e-01
1.136000000000000000e+03 6.780973013071328603e-01
1.140000000000000000e+03 6.589641257752254511e-01
1.144000000000000000e+03 6.399171818462534578e-01
1.148000000000000000e+03 6.195819207242003746e-01
1.152000000000000000e+03 6.005624226808440325e-01
1.156000000000000000e+03 5.814161523912083629e-01
1.160000000000000000e+03 5.638176988466291339e-01
1.164000000000000000e+03 5.484321899524186028e-01
1.168000000000000000e+03 5.335269384409686566e-01
1.172000000000000000e+03 5.198620916447590501e-01
1.176000000000000000e+03 5.087407958357140769e-01
1.180000000000000000e+03 4.987655275003404776e-01
1.184000000000000000e+03 4.915252642511915293e-01
1.188000000000000000e+03 4.849277923999363304e-01
1.192000000000000000e+03 4.805070286993351480e-01
1.196000000000000000e+03 4.777141921464573837e-01
1.200000000000000000e+03 4.764061989530153918e-01
1.204000000000000000e+03 4.765351051400384952e-01
1.208000000000000000e+03 4.792153693126229852e-01
1.212000000000000000e+03 4.820120274560117934e-01
1.216000000000000000e+03 4.879493880992516464e-01
1.220000000000000000e+03 4.939047001340717280e-01
1.224000000000000000e+03 5.015418158394882031e-01
1.228000000000000000e+03 5.115450673423681538e-01
1.232000000000000000e+03 5.222170324405942532e-01
1.236000000000000000e+03 5.345358906596822113e-01
1.240000000000000000e+03 5.481967707405556167e-01
1.244000000000000000e+03 5.623675154303481305e-01
1.248000000000000000e+03 5.782657183252629673e-01
1.252000000000000000e+03 5.950527541915830998e-01
1.256000000000000000e+03 6.130343294111545438e-01
1.260000000000000000e+03 6.305503024644220078e-01
1.264000000000000000e+03 6.491758102186750978e-01
1.268000000000000000e+03 6.679539041466306948e-01
1.272000000000000000e+03 6.875372017181688999e-01
1.276000000000000000e+03 7.051315712179896389e-01
1.280000000000000000e+03 7.231289902638378120e-01
1.284000000000000000e+03 7.402001899497934190e-01
1.288000000000000000e+03 7.558865222592446864e-01
1.292000000000000000e+03 7.693842449219580049e-01
1.296000000000000000e+03 7.820865162890551225e-01
1.300000000000000000e+03 7.926302132791631649e-01
1.304000000000000000e+03 8.007688537149744157e-01
1.308000000000000000e+03 8.071343170456204419e-01
1.312000000000000000e+03 8.102164504902271691e-01
1.316000000000000000e+03 8.123380323601144815e-01
1.320000000000000000e+03 8.110946422591797100e-01
1.324000000000000000e+03 8.077269004205349656e-01
1.328000000000000000e+03 8.023234918652778491e-01
1.332000000000000000e+03 7.952889413450360268e-01
1.336000000000000000e+03 7.857132253680366718e-01
1.340000000000000000e+03 7.743118979693274229e-01
1.344000000000000000e+03 7.622489319373993988e-01
1.348000000000000000e+03 7.491430233008853357e-01
1.352000000000000000e+03 7.340528391570169120e-01
1.356000000000000000e+03 7.190210979774310784e-01
1.360000000000000000e+03 7.027988446609657602e-01
1.364000000000000000e+03 6.875789982468011319e-01
1.368000000000000000e+03 6.714986855213644912e-01
1.372000000000000000e+03 6.560639775356543746e-01
1.376000000000000000e+03 6.405050747680030021e-01
1.380000000000000000e+03 6.258431148326034643e-01
1.384000000000000000e+03 6.115056434017132059e-01
1.388000000000000000e+03 5.972837628085616579e-01
1.392000000000000000e+03 5.844104472554644270e-01
1.396000000000000000e+03 5.721088092283540538e-01
1.400000000000000000e+03 5.607254939056180998e-01
1.404000000000000000e+03 5.504788191616237780e-01
1.408000000000000000e+03 5.409441020877822082e-01
1.412000000000000000e+03 5.328863138598993743e-01
1.416000000000000000e+03 5.245614311340579539e-01
1.420000000000000000e+03 5.180087496778733591e-01
1.424000000000000000e+03 5.115662165612782086e-01
1.428000000000000000e+03 5.062336666922978567e-01
1.432000000000000000e+03 5.023035510212374710e-01
1.436000000000000000e+03 4.989581114682035690e-01
1.440000000000000000e+03 4.958003964011314380e-01
1.444000000000000000e+03 4.941965739293570081e-01
1.448000000000000000e+03 4.931072625700873013e-01
1.452000000000000000e+03 4.920414225676107978e-01
1.456000000000000000e+03 4.925299341124388941e-01
1.460000000000000000e+03 4.931515212726893527e-01
1.464000000000000000e+03 4.953809180751476693e-01
1.468000000000000000e+03 4.968266327746290179e-01
1.472000000000000000e+03 5.001631106393118475e-01
1.476000000000000000e+03 5.041238621129754405e-01
1.480000000000000000e+03 5.081025826643686960e-01
1.484000000000000000e+03 5.136144274141744015e-01
1.488000000000000000e+03 5.193877370186085196e-01
1.492000000000000000e+03 5.260966533517811294e-01
1.496000000000000000e+03 5.322050685903879641e-01
1.500000000000000000e+03 5.407761961271834172e-01
1.504000000000000000e+03 5.485738035377650812e-01
1.508000000000000000e+03 5.577050987112173175e-01
1.512000000000000000e+03 5.669400165914633138e-01
1.516000000000000000e+03 5.765528401567443506e-01
1.520000000000000000e+03 5.875412027668206472e-01
1.524000000000000000e+03 5.982596301006247730e-01
1.528000000000000000e+03 6.103436512545294956e-01
1.532000000000000000e+03 6.223266906590209091e-01
1.536000000000000000e+03 6.344211500813281557e-01
1.540000000000000000e+03 6.465927950592463835e-01
1.544000000000000000e+03 6.598846314962919513e-01
1.548000000000000000e+03 6.734307548104150332e-01
1.552000000000000000e+03 6.866457969946112572e-01
1.556000000000000000e+03 7.002847985350940663e-01
1.560000000000000000e+03 7.133164375963101378e-01
1.564000000000000000e+03 7.266514341652180464e-01
1.568000000000000000e+03 7.392515172786113808e-01
1.572000000000000000e+03 7.524044880274182168e-01
1.576000000000000000e+03 7.650986063636227019e-01
1.580000000000000000e+03 7.766444138216374027e-01
1.584000000000000000e+03 7.885266282029378404e-01
1.588000000000000000e+03 7.989795198741567184e-01
1.592000000000000000e+03 8.094201019767235383e-01
1.596000000000000000e+03 8.186235460832135269e-01
1.600000000000000000e+03 8.263050437152686944e-01
1.604000000000000000e+03 8.339430579699218526e-01
1.608000000000000000e+03 8.403375954382140689e-01
1.612000000000000000e+03 8.459396376788486105e-01
1.616000000000000000e+03 8.505686689309446269e-01
1.620000000000000000e+03 8.530627877168022177e-01
1.624000000000000000e+03 8.554996323223784671e-01
1.628000000000000000e+03 8.567418155752363207e-01
1.632000000000000000e+03 8.565085620849381964e-01
1.636000000000000000e+03 8.547513431708969600e-01
1.640000000000000000e+03 8.520974910615328746e-01
1.644000000000000000e+03 8.484241992507162156e-01
1.648000000000000000e+03 8.447740208989605870e-01
1.652000000000000000e+03 8.393233996084458193e-01
1.656000000000000000e+03 8.324082730227418958e-01
1.660000000000000000e+03 8.251552428155285446e-01
1.664000000000000000e+03 8.173146587333882662e-01
1.668000000000000000e+03 8.095814046741797165e-01
1.672000000000000000e+03 8.001169872247648751e-01
1.676000000000000000e+03 7.903729210574492736e-01
1.680000000000000000e+03 7.807369218605176853e-01
1.684000000000000000e+03 7.702446856949761722e-01
1.688000000000000000e+03 7.595153272510384301e-01
1.692000000000000000e+03 7.489132089404787473e-01
1.696000000000000000e+03 7.379037180807960228e-01
1.700000000000000000e+03 7.261748694976333240e-01
1.704000000000000000e+03 7.149677463583965498e-01
1.708000000000000000e+03 7.039414236333708663e-01
1.712000000000000000e+03 6.936242255882456575e-01
1.716000000000000000e+03 6.822758061952046704e-01
1.720000000000000000e+03 6.720178048570235596e-01
1.724000000000000000e+03 6.620917437698254915e-01
1.728000000000000000e+03 6.509703427837585377e-01
1.732000000000000000e+03 6.417195595248015305e-01
1.736000000000000000e+03 6.316946938071065221e-01
1.740000000000000000e+03 6.231186878525453166e-01
1.744000000000000000e+03 6.141564634172269610e-01
1.748000000000000000e+03 6.049851724977305389e-01
1.752000000000000000e+03 5.966603244428774211e-01
1.756000000000000000e+03 5.891799109751185703e-01
1.760000000000000000e+03 5.810819409473026997e-01
1.764000000000000000e+03 5.741609940965831660e-01
1.768000000000000000e+03 5.668426586844046433e-01
1.772000000000000000e+03 5.612948128205127452e-01
1.776000000000000000e+03 5.552089801735419217e-01
1.780000000000000000e+03 5.490915172369212893e-01
1.784000000000000000e+03 5.432388081479816444e-01
1.788000000000000000e+03 5.381046746831684713e-01
1.792000000000000000e+03 5.336596468010262884e-01
1.796000000000000000e+03 5.294424121074290390e-01
1.800000000000000000e+03 5.254788131407990281e-01
1.804000000000000000e+03 5.215004198465215124e-01
1.808000000000000000e+03 5.187168709716980519e-01
1.812000000000000000e+03 5.156827680344586717e-01
1.816000000000000000e+03 5.129022347581629893e-01
1.820000000000000000e+03 5.100577547520779298e-01
1.824000000000000000e+03 5.080215342734476502e-01
1.828000000000000000e+03 5.065863642532965061e-01
1.832000000000000000e+03 5.042095123355968544e-01
1.836000000000000000e+03 5.036976493385612041e-01
1.840000000000000000e+03 5.025767603607426137e-01
1.844000000000000000e+03 5.016981153902525525e-01
1.848000000000000000e+03 5.013904244548146316e-01
1.852000000000000000e+03 5.009736512256258711e-01
1.856000000000000000e+03 5.011056641150886115e-01
1.860000000000000000e+03 5.014301899074116164e-01
1.864000000000000000e+03 5.025202030440287793e-01
1.868000000000000000e+03 5.036080773610767114e-01
1.872000000000000000e+03 5.041380031844497900e-01
1.876000000000000000e+03 5.054485374373041129e-01
1.880000000000000000e+03 5.073240367263319728e-01
1.884000000000000000e+03 5.093998099430090409e-01
1.888000000000000000e+03 5.114567471279860555e-01
1.892000000000000000e+03 5.141265551385265642e-01
1.896000000000000000e+03 5.170739050707943152e-01
1.900000000000000000e+03 5.194217239293231758e-01
1.904000000000000000e+03 5.230910065496600092e-01
1.908000000000000000e+03 5.256779038277801241e-01
1.912000000000000000e+03 5.296088281898634342e-01
1.916000000000000000e+03 5.336017724899181358e-01
1.920000000000000000e+03 5.374266204354695153e-01
1.924000000000000000e+03 5.421377092956991550e-01
1.928000000000000000e+03 5.458985786046001154e-01
1.932000000000000000e+03 5.505231974986181109e-01
1.936000000000000000e+03 5.559062561749292808e-01
1.940000000000000000e+03 5.604431945928503023e-01
1.944000000000000000e+03 5.662056468350084026e-01
1.948000000000000000e+03 5.715318720400821562e-01
1.952000000000000000e+03 5.773115808000600646e-01
1.956000000000000000e+03 5.837269954241744996e-01
1.960000000000000000e+03 5.897544557415844713e-01
1.964000000000000000e+03 5.963982923273373205e-01
1.968000000000000000e+03 6.022330383134483212e-01
1.972000000000000000e+03 6.090449811460072471e-01
1.976000000000000000e+03 6.164105814440109521e-01
1.980000000000000000e+03 6.229339881930251455e-01
1.984000000000000000e+03 6.299360842956656104e-01
1.988000000000000000e+03 6.374432068553792519e-01
1.992000000000000000e+03 6.449201205224642797e-01
1.996000000000000000e+03 6.531299819710892907e-01
2.000000000000000000e+03 6.601899250828028309e-01
2.004000000000000000e+03 6.685566511413958413e-01
2.008000000000000000e+03 6.763397604332614943e-01
2.012000000000000000e+03 6.845412358466170799e-01
2.016000000000000000e+03 6.921953101351847604e-01
2.020000000000000000e+03 7.003985427256602669e-01
2.024000000000000000e+03 7.088635710336635976e-01
2.028000000000000000e+03 7.167611863601094369e-01
2.032000000000000000e+03 7.251920348285942897e-01
2.036000000000000000e+03 7.334637879031797869e-01
2.040000000000000000e+03 7.410240951980261448e-01
2.044000000000000000e+03 7.496880323151564607e-01
2.048000000000000000e+03 7.579215565540692312e-01
2.052000000000000000e+03 7.650888586687653037e-01
2.056000000000000000e+03 7.729320566657224001e-01
2.060000000000000000e+03 7.812289123242129874e-01
2.064000000000000000e+03 7.882928610783460632e-01
2.068000000000000000e+03 7.960051525544415973e-01
2.072000000000000000e+03 8.027777977050984948e-01
2.076000000000000000e+03 8.098807217014984960e-01
2.080000000000000000e+03 8.174716428302862825e-01
2.084000000000000000e+03 8.235993976676675432e-01
2.088000000000000000e+03 8.304605411840016993e-01
2.092000000000000000e+03 8.364103422714399549e-01
2.096000000000000000e+03 8.413116677320092718e-01
2.100000000000000000e+03 8.472132622831277660e-01
2.104000000000000000e+03 8.521797462850860816e-01
2.108000000000000000e+03 8.571097388188317900e-01
2.112000000000000000e+03 8.611546667087656148e-01
2.116000000000000000e+03 8.655138117197562764e-01
2.120000000000000000e+03 8.696418293930615606e-01
2.124000000000000000e+03 8.730844799209050988e-01
2.128000000000000000e+03 8.754733440330920713e-01
2.132000000000000000e+03 8.783515225658038439e-01
2.136000000000000000e+03 8.801311008361317745e-01
2.140000000000000000e+03 8.817097007129375275e-01
2.144000000000000000e+03 8.835271345821820166e-01
2.148000000000000000e+03 8.846371860513707608e-01
2.152000000000000000e+03 8.850604799000713063e-01
2.156000000000000000e+03 8.853646734265411267e-01
2.160000000000000000e+03 8.846342227997087138e-01
2.164000000000000000e+03 8.838256163278518374e-01
2.168000000000000000e+03 8.832818140156484255e-01
2.172000000000000000e+03 8.815992175561363497e-01
2.176000000000000000e+03 8.796289326756067117e-01
2.180000000000000000e+03 8.776672447734048532e-01
2.184000000000000000e+03 8.752916641017280952e-01
2.188000000000000000e+03 8.727634385894604829e-01
2.192000000000000000e+03 8.691722629329309280e-01
2.196000000000000000e+03 8.664088158454268385e-01
