6.000000000000000000e+02 9.338470919213508669e-04
6.040000000000000000e+02 1.862946927113401548e-04
6.080000000000000000e+02 9.006749494018406353e-04
6.120000000000000000e+02 2.356268976578034598e-04
6.160000000000000000e+02 9.387630248467214791e-04
6.200000000000000000e+02 4.366177791200017344e-04
6.240000000000000000e+02 3.261834683854699670e-04
6.280000000000000000e+02 8.672508963601130525e-04
6.320000000000000000e+02 1.579995574913049133e-04
6.360000000000000000e+02 7.030525857058179560e-04
6.400000000000000000e+02 4.351843836191266173e-04
6.440000000000000000e+02 5.299244410297222676e-04
6.480000000000000000e+02 1.154941280634704534e-03
6.520000000000000000e+02 9.034839436474310925e-04
6.560000000000000000e+02 8.179083404660934722e-04
6.600000000000000000e+02 1.256782928621147984e-03
6.640000000000000000e+02 1.388839641243099854e-03
6.680000000000000000e+02 1.742551535718890208e-03
6.720000000000000000e+02 2.701022226928593076e-03
6.760000000000000000e+02 2.786854663571044968e-03
6.800000000000000000e+02 3.551745389595878377e-03
6.840000000000000000e+02 4.487036758097843851e-03
6.880000000000000000e+02 5.548365841102594238e-03
6.920000000000000000e+02 5.831438473122194620e-03
6.960000000000000000e+02 7.427644346849477698e-03
7.000000000000000000e+02 9.395910678260260829e-03
7.040000000000000000e+02 1.033571111524074666e-02
7.080000000000000000e+02 1.207061343070177893e-02
7.120000000000000000e+02 1.413513867594498770e-02
7.160000000000000000e+02 1.708096302477583872e-02
7.200000000000000000e+02 1.971331751330114915e-02
7.240000000000000000e+02 2.248543801658368230e-02
7.280000000000000000e+02 2.472144885796858510e-02
7.320000000000000000e+02 2.807345755329534315e-02
7.360000000000000000e+02 3.167148230822339899e-02
7.400000000000000000e+02 3.481232500839316624e-02
7.440000000000000000e+02 3.869087789191225091e-02
7.480000000000000000e+02 4.322477488191082268e-02
7.520000000000000000e+02 4.849639469004218828e-02
7.560000000000000000e+02 5.314837261623534675e-02
7.600000000000000000e+02 5.797407560406942634e-02
7.640000000000000000e+02 6.205351059590459573e-02
7.680000000000000000e+02 6.649014896156520138e-02
7.720000000000000000e+02 7.077923215933329404e-02
7.760000000000000000e+02 7.570388759911554633e-02
7.800000000000000000e+02 8.072689044421767213e-02
7.840000000000000000e+02 8.675176254842147106e-02
7.880000000000000000e+02 9.400951930602237383e-02
7.920000000000000000e+02 1.018491739411193364e-01
7.960000000000000000e+02 1.094641531180606392e-01
8.000000000000000000e+02 1.168967781885776186e-01
8.040000000000000000e+02 1.237548407938038192e-01
8.080000000000000000e+02 1.285819619867060448e-01
8.120000000000000000e+02 1.333689444182736272e-01
8.160000000000000000e+02 1.365675815060311271e-01
8.200000000000000000e+02 1.392893686695523270e-01
8.240000000000000000e+02 1.430732046057234252e-01
8.280000000000000000e+02 1.477639236022117442e-01
8.320000000000000000e+02 1.559042919805294081e-01
8.360000000000000000e+02 1.648289632822055872e-01
8.400000000000000000e+02 1.764138426013457384e-01
8.440000000000000000e+02 1.878813178594730127e-01
8.480000000000000000e+02 1.994116916462636280e-01
8.520000000000000000e+02 2.097832714595093961e-01
8.560000000000000000e+02 2.180425569894570426e-01
8.600000000000000000e+02 2.230641029322726898e-01
8.640000000000000000e+02 2.249822543710292555e-01
8.680000000000000000e+02 2.245553059285609609e-01
8.720000000000000000e+02 2.223647344224005395e-01
8.760000000000000000e+02 2.202999545955774963e-01
8.800000000000000000e+02 2.197927287824288367e-01
8.840000000000000000e+02 2.219295113550681930e-01
8.880000000000000000e+02 2.269790180273135172e-01
8.920000000000000000e+02 2.362071489044923756e-01
8.960000000000000000e+02 2.487232329813491294e-01
9.000000000000000000e+02 2.645818325306435459e-01
9.040000000000000000e+02 2.820149669315665797e-01
9.080000000000000000e+02 2.983481831659814398e-01
9.120000000000000000e+02 3.132382773307363366e-01
9.160000000000000000e+02 3.253053651840052685e-01
9.200000000000000000e+02 3.333071994266507687e-01
9.240000000000000000e+02 3.361323558161500302e-01
9.280000000000000000e+02 3.358777701046285480e-01
9.320000000000000000e+02 3.301348007571539567e-01
9.360000000000000000e+02 3.219198928059411324e-01
9.400000000000000000e+02 3.118423746612981051e-01
9.440000000000000000e+02 3.024797208467683296e-01
9.480000000000000000e+02 2.959713094074645223e-01
9.520000000000000000e+02 2.922154237077063677e-01
9.560000000000000000e+02 2.926149691261185626e-01
9.600000000000000000e+02 2.983901972208597431e-01
9.640000000000000000e+02 3.086761279898566634e-01
9.680000000000000000e+02 3.242732422185399255e-01
9.720000000000000000e+02 3.431459217502843551e-01
9.760000000000000000e+02 3.645013552308001281e-01
9.800000000000000000e+02 3.867600521919958845e-01
9.840000000000000000e+02 4.078976636121834365e-01
9.880000000000000000e+02 4.262070202645809047e-01
9.920000000000000000e+02 4.407521349581530190e-01
9.960000000000000000e+02 4.504898898088190995e-01
1.000000000000000000e+03 4.550124757404554465e-01
1.004000000000000000e+03 4.531608592845801087e-01
1.008000000000000000e+03 4.474601173391949960e-01
1.012000000000000000e+03 4.357924960403819492e-01
1.016000000000000000e+03 4.208939938069867770e-01
1.020000000000000000e+03 4.047280216493363558e-01
1.024000000000000000e+03 3.875422339318266851e-01
1.028000000000000000e+03 3.716873817083969356e-01
1.032000000000000000e+03 3.594879402221921594e-01
1.036000000000000000e+03 3.517965444078041126e-01
1.040000000000000000e+03 3.472492775851412361e-01
1.044000000000000000e+03 3.479808303549049020e-01
1.048000000000000000e+03 3.531177601967038227e-01
1.052000000000000000e+03 3.637234804028475765e-01
1.056000000000000000e+03 3.787088748914175795e-01
1.060000000000000000e+03 3.979350915894966367e-01
1.064000000000000000e+03 4.197160089577836595e-01
1.068000000000000000e+03 4.440520095180152116e-01
1.072000000000000000e+03 4.698664078466747163e-01
1.076000000000000000e+03 4.943813852557735755e-01
1.080000000000000000e+03 5.176638572310823250e-01
1.084000000000000000e+03 5.368165703127205646e-01
1.088000000000000000e+03 5.513711443613850127e-01
1.092000000000000000e+03 5.613947286239059364e-01
1.096000000000000000e+03 5.653529155894880809e-01
1.100000000000000000e+03 5.641922312800166095e-01
1.104000000000000000e+03 5.570862949517387808e-01
1.108000000000000000e+03 5.444943095844327896e-01
1.112000000000000000e+03 5.287011207148546443e-01
1.116000000000000000e+03 5.088507086610384311e-01
1.120000000000000000e+03 4.873405835275368414e-01
1.124000000000000000e+03 4.663365807231915627e-01
1.128000000000000000e+03 4.452293667052405479e-01
1.132000000000000000e+03 4.274231205634928532e-01
1.136000000000000000e+03 4.116753862991257007e-01
1.140000000000000000e+03 4.003714193629798190e-01
1.144000000000000000e+03 3.915448809996176505e-01
1.148000000000000000e+03 3.875443342362935306e-01
1.152000000000000000e+03 3.859790225735686975e-01
1.156000000000000000e+03 3.894627714844637878e-01
1.160000000000000000e+03 3.967234040117355032e-01
1.164000000000000000e+03 4.066864652434029614e-01
1.168000000000000000e+03 4.208483111731750603e-01
1.172000000000000000e+03 4.388100028791729890e-01
1.176000000000000000e+03 4.591226294419801235e-01
1.180000000000000000e+03 4.820352290663651451e-01
1.184000000000000000e+03 5.079871066801219248e-01
1.188000000000000000e+03 5.337946507116491102e-01
1.192000000000000000e+03 5.590564855878205064e-01
1.196000000000000000e+03 5.841750848156970211e-01
1.200000000000000000e+03 6.071327418369827367e-01
1.204000000000000000e+03 6.262832068812496100e-01
1.208000000000000000e+03 6.419592376986720250e-01
1.212000000000000000e+03 6.523585079661249342e-01
1.216000000000000000e+03 6.583997082208110641e-01
1.220000000000000000e+03 6.600196763602310668e-01
1.224000000000000000e+03 6.565129188883630507e-01
1.228000000000000000e+03 6.478802545651040079e-01
1.232000000000000000e+03 6.343447317944033159e-01
1.236000000000000000e+03 6.182783863233125565e-01
1.240000000000000000e+03 5.980775376462118542e-01
1.244000000000000000e+03 5.768190165899075295e-01
1.248000000000000000e+03 5.537030397528275305e-01
1.252000000000000000e+03 5.309367076531705809e-01
1.256000000000000000e+03 5.091520057883442973e-01
1.260000000000000000e+03 4.889677514562206784e-01
1.264000000000000000e+03 4.702464087466359799e-01
1.268000000000000000e+03 4.540260258960859829e-01
1.272000000000000000e+03 4.399320766216760492e-01
1.276000000000000000e+03 4.297439166784811637e-01
1.280000000000000000e+03 4.214525975384645906e-01
1.284000000000000000e+03 4.158259117706363805e-01
1.288000000000000000e+03 4.128654217146031646e-01
1.292000000000000000e+03 4.124628333617035847e-01
1.296000000000000000e+03 4.144821077010922838e-01
1.300000000000000000e+03 4.191333136376035329e-01
1.304000000000000000e+03 4.262590326856393608e-01
1.308000000000000000e+03 4.367927875042509900e-01
1.312000000000000000e+03 4.489529154807145872e-01
1.316000000000000000e+03 4.632549737446787774e-01
1.320000000000000000e+03 4.804376816129050654e-01
1.324000000000000000e+03 4.994051151466936678e-01
1.328000000000000000e+03 5.196288308726042526e-01
1.332000000000000000e+03 5.421335593087869276e-01
1.336000000000000000e+03 5.659012200450389551e-01
1.340000000000000000e+03 5.900610781037918251e-01
1.344000000000000000e+03 6.137230994078883839e-01
1.348000000000000000e+03 6.370844223714313692e-01
1.352000000000000000e+03 6.590757517446218516e-01
1.356000000000000000e+03 6.796310084885627267e-01
1.360000000000000000e+03 6.969057674788984302e-01
1.364000000000000000e+03 7.118021310054942763e-01
1.368000000000000000e+03 7.239121133807721042e-01
1.372000000000000000e+03 7.316934706447906223e-01
1.376000000000000000e+03 7.351119972740725039e-01
1.380000000000000000e+03 7.356228950868455296e-01
1.384000000000000000e+03 7.311922302149902464e-01
1.388000000000000000e+03 7.238477251064420193e-01
1.392000000000000000e+03 7.138879768691605010e-01
1.396000000000000000e+03 6.998720974374654791e-01
1.400000000000000000e+03 6.836723191121454324e-01
1.404000000000000000e+03 6.646030377581291226e-01
1.408000000000000000e+03 6.444754793046315600e-01
1.412000000000000000e+03 6.233262804889793118e-01
1.416000000000000000e+03 6.018753286352058751e-01
1.420000000000000000e+03 5.811798483910264324e-01
1.424000000000000000e+03 5.601216460478446457e-01
1.428000000000000000e+03 5.407176232497800106e-01
1.432000000000000000e+03 5.228503719633978974e-01
1.436000000000000000e+03 5.053672079956841312e-01
1.440000000000000000e+03 4.900525876093367317e-01
1.444000000000000000e+03 4.769450164354305799e-01
1.448000000000000000e+03 4.645128964516306302e-01
1.452000000000000000e+03 4.545914221727581639e-01
1.456000000000000000e+03 4.465551521430298765e-01
1.460000000000000000e+03 4.395975671949702290e-01
1.464000000000000000e+03 4.340026538034704728e-01
1.468000000000000000e+03 4.313165618171594384e-01
1.472000000000000000e+03 4.289287706649145271e-01
1.476000000000000000e+03 4.282542992613350696e-01
1.480000000000000000e+03 4.300405078795168090e-01
1.484000000000000000e+03 4.324251691423500743e-01
1.488000000000000000e+03 4.369905390251703214e-01
1.492000000000000000e+03 4.427105127329868939e-01
1.496000000000000000e+03 4.497674203189301889e-01
1.500000000000000000e+03 4.577355731853873788e-01
1.504000000000000000e+03 4.682860145544158748e-01
1.508000000000000000e+03 4.787405856953700911e-01
1.512000000000000000e+03 4.915738566496113404e-01
1.516000000000000000e+03 5.060132874710523421e-01
1.520000000000000000e+03 5.215705084487196608e-01
1.524000000000000000e+03 5.384175533387172141e-01
1.528000000000000000e+03 5.563188848235225414e-01
1.532000000000000000e+03 5.747460069228409463e-01
1.536000000000000000e+03 5.946373564327100958e-01
1.540000000000000000e+03 6.146550348071183612e-01
1.544000000000000000e+03 6.344123605552592915e-01
1.548000000000000000e+03 6.549156344168218791e-01
1.552000000000000000e+03 6.754096147601532651e-01
1.556000000000000000e+03 6.946772859927633492e-01
1.560000000000000000e+03 7.129731281650545371e-01
1.564000000000000000e+03 7.300143055972757589e-01
1.568000000000000000e+03 7.454962330815921856e-01
1.572000000000000000e+03 7.588476289625477600e-01
1.576000000000000000e+03 7.712744511463556218e-01
1.580000000000000000e+03 7.804455111903267905e-01
1.584000000000000000e+03 7.869175725795594101e-01
1.588000000000000000e+03 7.915398838799923009e-01
1.592000000000000000e+03 7.930334117763030433e-01
1.596000000000000000e+03 7.926554812592674359e-01
1.600000000000000000e+03 7.889796029745235195e-01
1.604000000000000000e+03 7.831697702692058671e-01
1.608000000000000000e+03 7.751278573448528997e-01
1.612000000000000000e+03 7.655421186006735601e-01
1.616000000000000000e+03 7.531033540143554639e-01
1.620000000000000000e+03 7.394672829352152421e-01
1.624000000000000000e+03 7.239321737413757507e-01
1.628000000000000000e+03 7.085154819116218361e-01
1.632000000000000000e+03 6.913585509609253554e-01
1.636000000000000000e+03 6.736361853433954217e-01
1.640000000000000000e+03 6.557303518078102522e-01
1.644000000000000000e+03 6.372304726519362195e-01
1.648000000000000000e+03 6.193761147595585603e-01
1.652000000000000000e+03 6.028507969584380177e-01
1.656000000000000000e+03 5.859433606720177989e-01
1.660000000000000000e+03 5.692636913836472967e-01
1.664000000000000000e+03 5.546257559010328020e-01
1.668000000000000000e+03 5.404458991203364704e-01
1.672000000000000000e+03 5.270743793860550586e-01
1.676000000000000000e+03 5.139927985582543046e-01
1.680000000000000000e+03 5.028964963829239965e-01
1.684000000000000000e+03 4.927874996432802246e-01
1.688000000000000000e+03 4.829923201768729357e-01
1.692000000000000000e+03 4.741022138447704148e-01
1.696000000000000000e+03 4.666993055092156228e-01
1.700000000000000000e+03 4.601877325949546016e-01
1.704000000000000000e+03 4.544140005886567191e-01
1.708000000000000000e+03 4.498517999778346432e-01
1.712000000000000000e+03 4.458512528160140098e-01
1.716000000000000000e+03 4.431656029976887012e-01
1.720000000000000000e+03 4.410398588371133299e-01
1.724000000000000000e+03 4.398854643046723467e-01
1.728000000000000000e+03 4.389309929076164463e-01
1.732000000000000000e+03 4.387803302669574523e-01
1.736000000000000000e+03 4.399768885246630457e-01
1.740000000000000000e+03 4.420034947440745765e-01
1.744000000000000000e+03 4.449580714248762559e-01
1.748000000000000000e+03 4.479748552119571792e-01
1.752000000000000000e+03 4.517552736659605217e-01
1.756000000000000000e+03 4.569123929339030665e-01
1.760000000000000000e+03 4.629026761433085446e-01
1.764000000000000000e+03 4.687743691109395039e-01
1.768000000000000000e+03 4.756071028047740290e-01
1.772000000000000000e+03 4.835829376643142608e-01
1.776000000000000000e+03 4.927646403526156349e-01
1.780000000000000000e+03 5.022915470937076021e-01
1.784000000000000000e+03 5.115349471460693964e-01
1.788000000000000000e+03 5.228998474688510978e-01
1.792000000000000000e+03 5.342396196678118603e-01
1.796000000000000000e+03 5.467716313499420000e-01
1.800000000000000000e+03 5.591235578851913024e-01
1.804000000000000000e+03 5.723814185377646968e-01
1.808000000000000000e+03 5.868449279820170394e-01
1.812000000000000000e+03 6.010833264849039237e-01
1.816000000000000000e+03 6.156289673177635091e-01
1.820000000000000000e+03 6.304316182328856266e-01
1.824000000000000000e+03 6.463987439008165303e-01
1.828000000000000000e+03 6.616015855115595645e-01
1.832000000000000000e+03 6.773093499015746533e-01
1.836000000000000000e+03 6.933298115944115381e-01
1.840000000000000000e+03 7.084851671286174213e-01
1.844000000000000000e+03 7.238642412308712304e-01
1.848000000000000000e+03 7.381264182502618176e-01
1.852000000000000000e+03 7.522950967499451025e-01
1.856000000000000000e+03 7.658637400689264352e-01
1.860000000000000000e+03 7.783186454777066832e-01
1.864000000000000000e+03 7.900653710162385268e-01
1.868000000000000000e+03 8.003100223514258982e-01
1.872000000000000000e+03 8.098524697248161708e-01
1.876000000000000000e+03 8.175974220780038992e-01
1.880000000000000000e+03 8.241508867638375202e-01
1.884000000000000000e+03 8.289456427877162081e-01
1.888000000000000000e+03 8.335407540228452206e-01
1.892000000000000000e+03 8.354347599752895981e-01
1.896000000000000000e+03 8.366130263015351121e-01
1.900000000000000000e+03 8.354387374899928664e-01
1.904000000000000000e+03 8.340921974064560152e-01
1.908000000000000000e+03 8.298706324530514822e-01
1.912000000000000000e+03 8.253183123687805045e-01
1.916000000000000000e+03 8.193430937728287677e-01
1.920000000000000000e+03 8.114873000247084800e-01
1.924000000000000000e+03 8.028675555031389299e-01
1.928000000000000000e+03 7.931402854540509084e-01
1.932000000000000000e+03 7.828775549890542029e-01
1.936000000000000000e+03 7.719062506886326114e-01
1.940000000000000000e+03 7.601787225864490294e-01
1.944000000000000000e+03 7.476321301926257545e-01
1.948000000000000000e+03 7.344906980785481654e-01
1.952000000000000000e+03 7.217686123708124679e-01
1.956000000000000000e+03 7.080834441822457803e-01
1.960000000000000000e+03 6.944539722209958077e-01
1.964000000000000000e+03 6.809137272562625354e-01
1.968000000000000000e+03 6.672686019733592433e-01
1.972000000000000000e+03 6.540873716452225706e-01
1.976000000000000000e+03 6.401804507173297631e-01
1.980000000000000000e+03 6.278077770711748551e-01
1.984000000000000000e+03 6.151329465769870275e-01
1.988000000000000000e+03 6.029326770198675245e-01
1.992000000000000000e+03 5.912833968811267438e-01
1.996000000000000000e+03 5.795665061578025856e-01
2.000000000000000000e+03 5.680447042012427561e-01
2.004000000000000000e+03 5.576113801281673554e-01
2.008000000000000000e+03 5.482241002617016523e-01
2.012000000000000000e+03 5.387191124687975563e-01
2.016000000000000000e+03 5.292007628555928100e-01
2.020000000000000000e+03 5.210214383308017227e-01
2.024000000000000000e+03 5.125981954009695141e-01
2.028000000000000000e+03 5.058590662275497252e-01
2.032000000000000000e+03 4.980746436577113134e-01
2.036000000000000000e+03 4.922866606617542495e-01
2.040000000000000000e+03 4.860663961679907441e-01
2.044000000000000000e+03 4.802173252317624152e-01
2.048000000000000000e+03 4.748672912352930320e-01
2.052000000000000000e+03 4.701197986605490931e-01
2.056000000000000000e+03 4.661208149064667294e-01
2.060000000000000000e+03 4.620944025908481634e-01
2.064000000000000000e+03 4.583851861782660131e-01
2.068000000000000000e+03 4.555359233918484518e-01
2.072000000000000000e+03 4.527002462029385832e-01
2.076000000000000000e+03 4.504412668232276595e-01
2.080000000000000000e+03 4.486722278974071276e-01
2.084000000000000000e+03 4.470921765269850190e-01
2.088000000000000000e+03 4.459554087132336919e-01
2.092000000000000000e+03 4.457437957011082807e-01
2.096000000000000000e+03 4.456222103051533101e-01
2.100000000000000000e+03 4.454949705265195403e-01
2.104000000000000000e+03 4.458435921262423607e-01
2.108000000000000000e+03 4.464582198020695114e-01
2.112000000000000000e+03 4.472965619512061508e-01
2.116000000000000000e+03 4.489046619479272193e-01
2.120000000000000000e+03 4.500717025673416916e-01
2.124000000000000000e+03 4.528598885704421817e-01
2.128000000000000000e+03 4.549589031572882636e-01
2.132000000000000000e+03 4.579159706670651864e-01
2.136000000000000000e+03 4.605720342068543305e-01
2.140000000000000000e+03 4.638833011825631014e-01
2.144000000000000000e+03 4.674826217669892925e-01
2.148000000000000000e+03 4.717252456864652888e-01
2.152000000000000000e+03 4.758362893056918286e-01
2.156000000000000000e+03 4.808404442551185709e-01
2.160000000000000000e+03 4.856567133970155492e-01
2.164000000000000000e+03 4.910831624765836789e-01
2.168000000000000000e+03 4.975150090337353559e-01
2.172000000000000000e+03 5.028040346985257480e-01
2.176000000000000000e+03 5.098030876428123470e-01
2.180000000000000000e+03 5.163859905479305512e-01
2.184000000000000000e+03 5.228994826532022966e-01
2.188000000000000000e+03 5.306603180643483242e-01
2.192000000000000000e+03 5.385094251611914906e-01
2.196000000000000000e+03 5.461331438060902377e-01
