6.000000000000000000e+02 3.193341343566586353e-03
6.040000000000000000e+02 3.732730615081532657e-03
6.080000000000000000e+02 3.792778871679425810e-03
6.120000000000000000e+02 4.654313047724251834e-03
6.160000000000000000e+02 6.272838758600927066e-03
6.200000000000000000e+02 6.978307659985835514e-03
6.240000000000000000e+02 8.902373498537938246e-03
6.280000000000000000e+02 1.101295611013756656e-02
6.320000000000000000e+02 1.265810997756242236e-02
6.360000000000000000e+02 1.389226206000312124e-02
6.400000000000000000e+02 1.639663521429268050e-02
6.440000000000000000e+02 1.949015520741791824e-02
6.480000000000000000e+02 2.244479496926259782e-02
6.520000000000000000e+02 2.477880904703498241e-02
6.560000000000000000e+02 2.706460598902250478e-02
6.600000000000000000e+02 3.017365801436823827e-02
6.640000000000000000e+02 3.544500196872679698e-02
6.680000000000000000e+02 4.006391843266771113e-02
6.720000000000000000e+02 4.156538641091687969e-02
6.760000000000000000e+02 4.359395513447163195e-02
6.800000000000000000e+02 4.789790451726604059e-02
6.840000000000000000e+02 5.443039441379732279e-02
6.880000000000000000e+02 6.289244891029981133e-02
6.920000000000000000e+02 6.836018978593273732e-02
6.960000000000000000e+02 6.900036999295743045e-02
7.000000000000000000e+02 6.862461042464525207e-02
7.040000000000000000e+02 7.087611612091963831e-02
7.080000000000000000e+02 7.898052195130257636e-02
7.120000000000000000e+02 9.204252261953074776e-02
7.160000000000000000e+02 1.039723474118593172e-01
7.200000000000000000e+02 1.102608634305151381e-01
7.240000000000000000e+02 1.083860179704601717e-01
7.280000000000000000e+02 1.035861653550390893e-01
7.320000000000000000e+02 1.010634946495150982e-01
7.360000000000000000e+02 1.066417908197864889e-01
7.400000000000000000e+02 1.195359091306343324e-01
7.440000000000000000e+02 1.390485423633785189e-01
7.480000000000000000e+02 1.574890577589964091e-01
7.520000000000000000e+02 1.677501549896646682e-01
7.560000000000000000e+02 1.658093825951961475e-01
7.600000000000000000e+02 1.543403385038364106e-01
7.640000000000000000e+02 1.431270492577560172e-01
7.680000000000000000e+02 1.370410179189463229e-01
7.720000000000000000e+02 1.418417562663680243e-01
7.760000000000000000e+02 1.556187113644818543e-01
7.800000000000000000e+02 1.799400777350435021e-01
7.840000000000000000e+02 2.091084234768297301e-01
7.880000000000000000e+02 2.337741277695528919e-01
7.920000000000000000e+02 2.442824687712827625e-01
7.960000000000000000e+02 2.385571668623595876e-01
8.000000000000000000e+02 2.199385602576320320e-01
8.040000000000000000e+02 1.983312423113582634e-01
8.080000000000000000e+02 1.816059093613632547e-01
8.120000000000000000e+02 1.747733502634151725e-01
8.160000000000000000e+02 1.779842497974474247e-01
8.200000000000000000e+02 1.918225958239722917e-01
8.240000000000000000e+02 2.172957274929284976e-01
8.280000000000000000e+02 2.531894368487332958e-01
8.320000000000000000e+02 2.912594294765429304e-01
8.360000000000000000e+02 3.219168591122379963e-01
8.400000000000000000e+02 3.360818901549804671e-01
8.440000000000000000e+02 3.300162389438038857e-01
8.480000000000000000e+02 3.070555306472601553e-01
8.520000000000000000e+02 2.753565589477583453e-01
8.560000000000000000e+02 2.452762034963278381e-01
8.600000000000000000e+02 2.236556916660696059e-01
8.640000000000000000e+02 2.122838446127943424e-01
8.680000000000000000e+02 2.099714054393014007e-01
8.720000000000000000e+02 2.178021028277571103e-01
8.760000000000000000e+02 2.352485827787327566e-01
8.800000000000000000e+02 2.638355450759619081e-01
8.840000000000000000e+02 3.023925394434547331e-01
8.880000000000000000e+02 3.476801247756130531e-01
8.920000000000000000e+02 3.914088466777272957e-01
8.960000000000000000e+02 4.244523211034523791e-01
9.000000000000000000e+02 4.381656022973816622e-01
9.040000000000000000e+02 4.303040906198498661e-01
9.080000000000000000e+02 4.031597061300474238e-01
9.120000000000000000e+02 3.658709649896403349e-01
9.160000000000000000e+02 3.260133471025121743e-01
9.200000000000000000e+02 2.915287317357447283e-01
9.240000000000000000e+02 2.661295397368225735e-01
9.280000000000000000e+02 2.497891332705966250e-01
9.320000000000000000e+02 2.419225587421428569e-01
9.360000000000000000e+02 2.411133453231219248e-01
9.400000000000000000e+02 2.492473491963646259e-01
9.440000000000000000e+02 2.655261315754893214e-01
9.480000000000000000e+02 2.894476758795267446e-01
9.520000000000000000e+02 3.233347123737048134e-01
9.560000000000000000e+02 3.657663437067694701e-01
9.600000000000000000e+02 4.143945197718627016e-01
9.640000000000000000e+02 4.628227790683429599e-01
9.680000000000000000e+02 5.053450505472883991e-01
9.720000000000000000e+02 5.330755596460677870e-01
9.760000000000000000e+02 5.412928617573874446e-01
9.800000000000000000e+02 5.293911339758293755e-01
9.840000000000000000e+02 5.007790192193332102e-01
9.880000000000000000e+02 4.604080117170112896e-01
9.920000000000000000e+02 4.166090640187735117e-01
9.960000000000000000e+02 3.742449544966725550e-01
1.000000000000000000e+03 3.390442752909850754e-01
1.004000000000000000e+03 3.105499177374602682e-01
1.008000000000000000e+03 2.900247460525799958e-01
1.012000000000000000e+03 2.761105985375361671e-01
1.016000000000000000e+03 2.695113389080817101e-01
1.020000000000000000e+03 2.677920338502376985e-01
1.024000000000000000e+03 2.718814588916093067e-01
1.028000000000000000e+03 2.813894740521333815e-01
1.032000000000000000e+03 2.968008204123064875e-01
1.036000000000000000e+03 3.180773636225365242e-01
1.040000000000000000e+03 3.467873401170641356e-01
1.044000000000000000e+03 3.824537087852177830e-01
1.048000000000000000e+03 4.242312890881352883e-01
1.052000000000000000e+03 4.710852817350018595e-01
1.056000000000000000e+03 5.203974350362905454e-01
1.060000000000000000e+03 5.654394759566805373e-01
1.064000000000000000e+03 6.032307322389699467e-01
1.068000000000000000e+03 6.278246914124370193e-01
1.072000000000000000e+03 6.370880560006063620e-01
1.076000000000000000e+03 6.291410251789353314e-01
1.080000000000000000e+03 6.061878188831131276e-01
1.084000000000000000e+03 5.716315066486825636e-01
1.088000000000000000e+03 5.296745583450996886e-01
1.092000000000000000e+03 4.858871051514231376e-01
1.096000000000000000e+03 4.439238354695265176e-01
1.100000000000000000e+03 4.063265799743546736e-01
1.104000000000000000e+03 3.750932142332720765e-01
1.108000000000000000e+03 3.484545191906129324e-01
1.112000000000000000e+03 3.278003960128073047e-01
1.116000000000000000e+03 3.116736211843987858e-01
1.120000000000000000e+03 3.007060763332333186e-01
1.124000000000000000e+03 2.929171370205673752e-01
1.128000000000000000e+03 2.898592850040255242e-01
1.132000000000000000e+03 2.898573007903440524e-01
1.136000000000000000e+03 2.938515350689677175e-01
1.140000000000000000e+03 3.016423092602983358e-01
1.144000000000000000e+03 3.133629155503912522e-01
1.148000000000000000e+03 3.280603319554264985e-01
1.152000000000000000e+03 3.471822400445392920e-01
1.156000000000000000e+03 3.714908904771841991e-01
1.160000000000000000e+03 3.998058349884481277e-01
1.164000000000000000e+03 4.334924390917813120e-01
1.168000000000000000e+03 4.710214194685931610e-01
1.172000000000000000e+03 5.125502164345181466e-01
1.176000000000000000e+03 5.552556826896656306e-01
1.180000000000000000e+03 5.987851994250334986e-01
1.184000000000000000e+03 6.391926938593178731e-01
1.188000000000000000e+03 6.735665906595749153e-01
1.192000000000000000e+03 6.990732783718233145e-01
1.196000000000000000e+03 7.149359355965227980e-01
1.200000000000000000e+03 7.178669188031950865e-01
1.204000000000000000e+03 7.092383141218318032e-01
1.208000000000000000e+03 6.902346476601995962e-01
1.212000000000000000e+03 6.617747408715020097e-01
1.216000000000000000e+03 6.275322188664413936e-01
1.220000000000000000e+03 5.890933001879016251e-01
1.224000000000000000e+03 5.501911846450616705e-01
1.228000000000000000e+03 5.117221562381215616e-01
1.232000000000000000e+03 4.770150664780254401e-01
1.236000000000000000e+03 4.441850499145282294e-01
1.240000000000000000e+03 4.160334787268663570e-01
1.244000000000000000e+03 3.913349231641470305e-01
1.248000000000000000e+03 3.710948524729399955e-01
1.252000000000000000e+03 3.540689409029766366e-01
1.256000000000000000e+03 3.399216967097121733e-01
1.260000000000000000e+03 3.278103521563559553e-01
1.264000000000000000e+03 3.189793871373956535e-01
1.268000000000000000e+03 3.136919943300141012e-01
1.272000000000000000e+03 3.097533410922869712e-01
1.276000000000000000e+03 3.077101167544715188e-01
1.280000000000000000e+03 3.083196423058290891e-01
1.284000000000000000e+03 3.102574250325912386e-01
1.288000000000000000e+03 3.152292769776330883e-01
1.292000000000000000e+03 3.212891553358593888e-01
1.296000000000000000e+03 3.307792470195794476e-01
1.300000000000000000e+03 3.413925203608379477e-01
1.304000000000000000e+03 3.553026735586828910e-01
1.308000000000000000e+03 3.712163770124898288e-01
1.312000000000000000e+03 3.896458207369425941e-01
1.316000000000000000e+03 4.101915124782645750e-01
1.320000000000000000e+03 4.341705014748561964e-01
1.324000000000000000e+03 4.609613680043984640e-01
1.328000000000000000e+03 4.904996366735316360e-01
1.332000000000000000e+03 5.226012769635838273e-01
1.336000000000000000e+03 5.566914353286728234e-01
1.340000000000000000e+03 5.919830284987084301e-01
1.344000000000000000e+03 6.269081271115992671e-01
1.348000000000000000e+03 6.624488478804713143e-01
1.352000000000000000e+03 6.953466706881334947e-01
1.356000000000000000e+03 7.242035990732722528e-01
1.360000000000000000e+03 7.494805919870666244e-01
1.364000000000000000e+03 7.678250618639917979e-01
1.368000000000000000e+03 7.790707058536946450e-01
1.372000000000000000e+03 7.830477165837976816e-01
1.376000000000000000e+03 7.800400972195583593e-01
1.380000000000000000e+03 7.695958023596423114e-01
1.384000000000000000e+03 7.515429606702190846e-01
1.388000000000000000e+03 7.289856353501548147e-01
1.392000000000000000e+03 7.022969508567050712e-01
1.396000000000000000e+03 6.728620491314889485e-01
1.400000000000000000e+03 6.415558851196238033e-01
1.404000000000000000e+03 6.094779159794999623e-01
1.408000000000000000e+03 5.779614846087577362e-01
1.412000000000000000e+03 5.481227134619506280e-01
1.416000000000000000e+03 5.197481594743904587e-01
1.420000000000000000e+03 4.932633161583996895e-01
1.424000000000000000e+03 4.690078396454772092e-01
1.428000000000000000e+03 4.466246696178512443e-01
1.432000000000000000e+03 4.261754730135190461e-01
1.436000000000000000e+03 4.082490948928270136e-01
1.440000000000000000e+03 3.930750708161774853e-01
1.444000000000000000e+03 3.790839265805792113e-01
1.448000000000000000e+03 3.668206428169039079e-01
1.452000000000000000e+03 3.559777399591234626e-01
1.456000000000000000e+03 3.472868835543904131e-01
1.460000000000000000e+03 3.403376995881920997e-01
1.464000000000000000e+03 3.337738577654162375e-01
1.468000000000000000e+03 3.291253325477971892e-01
1.472000000000000000e+03 3.262862619092893879e-01
1.476000000000000000e+03 3.236006724729879602e-01
1.480000000000000000e+03 3.226101397205725640e-01
1.484000000000000000e+03 3.222942438172773927e-01
1.488000000000000000e+03 3.232200154119599378e-01
1.492000000000000000e+03 3.251833580560496983e-01
1.496000000000000000e+03 3.283134278567922393e-01
1.500000000000000000e+03 3.316692582144619705e-01
1.504000000000000000e+03 3.376632530317930647e-01
1.508000000000000000e+03 3.438797038671319584e-01
1.512000000000000000e+03 3.506614939222985616e-01
1.516000000000000000e+03 3.596287032822150787e-01
1.520000000000000000e+03 3.693452844089413212e-01
1.524000000000000000e+03 3.806790429079583427e-01
1.528000000000000000e+03 3.926364946978618264e-01
1.532000000000000000e+03 4.066100588872144650e-01
1.536000000000000000e+03 4.218096637500129420e-01
1.540000000000000000e+03 4.379418306374386893e-01
1.544000000000000000e+03 4.560703681369503437e-01
1.548000000000000000e+03 4.755182795697500686e-01
1.552000000000000000e+03 4.953945415878255321e-01
1.556000000000000000e+03 5.176560025676426591e-01
1.560000000000000000e+03 5.409649224440261639e-01
1.564000000000000000e+03 5.663041563001089962e-01
1.568000000000000000e+03 5.911581937950350918e-01
1.572000000000000000e+03 6.175209857061048080e-01
1.576000000000000000e+03 6.439785371541344450e-01
1.580000000000000000e+03 6.706584182626068591e-01
1.584000000000000000e+03 6.971510400573381894e-01
1.588000000000000000e+03 7.219295663141781505e-01
1.592000000000000000e+03 7.462563526234812228e-01
1.596000000000000000e+03 7.683744436380125498e-01
1.600000000000000000e+03 7.871536553419429261e-01
1.604000000000000000e+03 8.034975189903651449e-01
1.608000000000000000e+03 8.161475068465133820e-01
1.612000000000000000e+03 8.256267677746692568e-01
1.616000000000000000e+03 8.302052559379204943e-01
1.620000000000000000e+03 8.313235427481793227e-01
1.624000000000000000e+03 8.282317941480753509e-01
1.628000000000000000e+03 8.214653108517719904e-01
1.632000000000000000e+03 8.108674667078816789e-01
1.636000000000000000e+03 7.975990293160071243e-01
1.640000000000000000e+03 7.813128315441690841e-01
1.644000000000000000e+03 7.617017691228791243e-01
1.648000000000000000e+03 7.411824603368931674e-01
1.652000000000000000e+03 7.192136829410545884e-01
1.656000000000000000e+03 6.967739807942732178e-01
1.660000000000000000e+03 6.730835385169847696e-01
1.664000000000000000e+03 6.496684860669117434e-01
1.668000000000000000e+03 6.267112400261893868e-01
1.672000000000000000e+03 6.032752245697658999e-01
1.676000000000000000e+03 5.813718312260043319e-01
1.680000000000000000e+03 5.596680136775921133e-01
1.684000000000000000e+03 5.398290244013085326e-01
1.688000000000000000e+03 5.210772339954603538e-01
1.692000000000000000e+03 5.030732619066915490e-01
1.696000000000000000e+03 4.859409820015475612e-01
1.700000000000000000e+03 4.696984187804993938e-01
1.704000000000000000e+03 4.556035585209279870e-01
1.708000000000000000e+03 4.416751438389299733e-01
1.712000000000000000e+03 4.287319753048052795e-01
1.716000000000000000e+03 4.172635963172235951e-01
1.720000000000000000e+03 4.065699950879081981e-01
1.724000000000000000e+03 3.962163202749077184e-01
1.728000000000000000e+03 3.874676805390660506e-01
1.732000000000000000e+03 3.798043069127026716e-01
1.736000000000000000e+03 3.724240845629185892e-01
1.740000000000000000e+03 3.657907396422083179e-01
1.744000000000000000e+03 3.600721580551805023e-01
1.748000000000000000e+03 3.547600104309850955e-01
1.752000000000000000e+03 3.497692080931338876e-01
1.756000000000000000e+03 3.453909495689987397e-01
1.760000000000000000e+03 3.428606007205468598e-01
1.764000000000000000e+03 3.391663330269575893e-01
1.768000000000000000e+03 3.377419716596419819e-01
1.772000000000000000e+03 3.356442337513615426e-01
1.776000000000000000e+03 3.341165814334429163e-01
1.780000000000000000e+03 3.338551417421278256e-01
1.784000000000000000e+03 3.329764963265210431e-01
1.788000000000000000e+03 3.334922336822151445e-01
1.792000000000000000e+03 3.345032222102116704e-01
1.796000000000000000e+03 3.350083944166496464e-01
1.800000000000000000e+03 3.374153340612415786e-01
1.804000000000000000e+03 3.389947281028881099e-01
1.808000000000000000e+03 3.419657357886692339e-01
1.812000000000000000e+03 3.443573536666276191e-01
1.816000000000000000e+03 3.480945546412952951e-01
1.820000000000000000e+03 3.518817445525407872e-01
1.824000000000000000e+03 3.567157929398959704e-01
1.828000000000000000e+03 3.611284902798912455e-01
1.832000000000000000e+03 3.667989042147304368e-01
1.836000000000000000e+03 3.735007029350584928e-01
1.840000000000000000e+03 3.798814771035449178e-01
1.844000000000000000e+03 3.863120549258690084e-01
1.848000000000000000e+03 3.945868700959380693e-01
1.852000000000000000e+03 4.026189732547043598e-01
1.856000000000000000e+03 4.112124222743179791e-01
1.860000000000000000e+03 4.204125107468238420e-01
1.864000000000000000e+03 4.301082664239584408e-01
1.868000000000000000e+03 4.407882291348790282e-01
1.872000000000000000e+03 4.512550155542309205e-01
1.876000000000000000e+03 4.633280550891685223e-01
1.880000000000000000e+03 4.759259155570475519e-01
1.884000000000000000e+03 4.885348320481454620e-01
1.888000000000000000e+03 5.027713191002364246e-01
1.892000000000000000e+03 5.160251868411142029e-01
1.896000000000000000e+03 5.313082248527262186e-01
1.900000000000000000e+03 5.465938910011504115e-01
1.904000000000000000e+03 5.627023760825611287e-01
1.908000000000000000e+03 5.791466603660697654e-01
1.912000000000000000e+03 5.952428587843932029e-01
1.916000000000000000e+03 6.126211942590648052e-01
1.920000000000000000e+03 6.302602006105656463e-01
1.924000000000000000e+03 6.482478461694007876e-01
1.928000000000000000e+03 6.659449534611643351e-01
1.932000000000000000e+03 6.837701545542558268e-01
1.936000000000000000e+03 7.022661834751575682e-01
1.940000000000000000e+03 7.201366081622218029e-01
1.944000000000000000e+03 7.366725933079466548e-01
1.948000000000000000e+03 7.539871496840067078e-01
1.952000000000000000e+03 7.704877341265781165e-01
1.956000000000000000e+03 7.859012426708413823e-01
1.960000000000000000e+03 7.996232664759939102e-01
1.964000000000000000e+03 8.133815584257666487e-01
1.968000000000000000e+03 8.248322345333041206e-01
1.972000000000000000e+03 8.358032098195253834e-01
1.976000000000000000e+03 8.450793384375218098e-01
1.980000000000000000e+03 8.526607027836954344e-01
1.984000000000000000e+03 8.585127626754598396e-01
1.988000000000000000e+03 8.630814999343215943e-01
1.992000000000000000e+03 8.655309503310959496e-01
1.996000000000000000e+03 8.658663496934153603e-01
2.000000000000000000e+03 8.649646586888369848e-01
2.004000000000000000e+03 8.615514864404987261e-01
2.008000000000000000e+03 8.566020104424661996e-01
2.012000000000000000e+03 8.506203217513667036e-01
2.016000000000000000e+03 8.434825204818243716e-01
2.020000000000000000e+03 8.337047725469590720e-01
2.024000000000000000e+03 8.242495253605637284e-01
2.028000000000000000e+03 8.128618342506312988e-01
2.032000000000000000e+03 8.001621782262015037e-01
2.036000000000000000e+03 7.868852687586126438e-01
2.040000000000000000e+03 7.729174095479079964e-01
2.044000000000000000e+03 7.580092768902576550e-01
2.048000000000000000e+03 7.431772374920737612e-01
2.052000000000000000e+03 7.277603982512949043e-01
2.056000000000000000e+03 7.128568210094582414e-01
2.060000000000000000e+03 6.969564907182199676e-01
2.064000000000000000e+03 6.818795075968232533e-01
2.068000000000000000e+03 6.663044067987765606e-01
2.072000000000000000e+03 6.510128439581543969e-01
2.076000000000000000e+03 6.366027486247667344e-01
2.080000000000000000e+03 6.214394902236592966e-01
2.084000000000000000e+03 6.068512757756253650e-01
2.088000000000000000e+03 5.928346903206267449e-01
2.092000000000000000e+03 5.788380414309297617e-01
2.096000000000000000e+03 5.655930887910891602e-01
2.100000000000000000e+03 5.527537728090295976e-01
2.104000000000000000e+03 5.409134262918537939e-01
2.108000000000000000e+03 5.287041682199179471e-01
2.112000000000000000e+03 5.175205383524675851e-01
2.116000000000000000e+03 5.062566801315585563e-01
2.120000000000000000e+03 4.958569263732561794e-01
2.124000000000000000e+03 4.865108696923624021e-01
2.128000000000000000e+03 4.765360840007383247e-01
2.132000000000000000e+03 4.667319870003119875e-01
2.136000000000000000e+03 4.588723032554606895e-01
2.140000000000000000e+03 4.504288329411544334e-01
2.144000000000000000e+03 4.421924263211298167e-01
2.148000000000000000e+03 4.341907258964287641e-01
2.152000000000000000e+03 4.270934643642804174e-01
2.156000000000000000e+03 4.209531931168923324e-01
2.160000000000000000e+03 4.143166834096489448e-01
2.164000000000000000e+03 4.081997165918209158e-01
2.168000000000000000e+03 4.024186992281272301e-01
2.172000000000000000e+03 3.968810220108290876e-01
2.176000000000000000e+03 3.919889351694641477e-01
2.180000000000000000e+03 3.868632944276908514e-01
2.184000000000000000e+03 3.823599284334001647e-01
2.188000000000000000e+03 3.784020662775346433e-01
2.192000000000000000e+03 3.741575523778116752e-01
2.196000000000000000e+03 3.709883433651284257e-01
