6.000000000000000000e+02 6.594544538026724878e-04
6.040000000000000000e+02 5.487188981534785789e-04
6.080000000000000000e+02 2.610045255049573223e-04
6.120000000000000000e+02 5.341823261052979464e-04
6.160000000000000000e+02 7.846687307707171351e-04
6.200000000000000000e+02 7.195203626042906376e-04
6.240000000000000000e+02 1.098267623641205511e-03
6.280000000000000000e+02 9.778008958456459523e-04
6.320000000000000000e+02 1.252622104701233471e-03
6.360000000000000000e+02 9.328178147870817274e-04
6.400000000000000000e+02 1.147543305975208495e-03
6.440000000000000000e+02 1.745413704803645480e-03
6.480000000000000000e+02 2.179351102654819052e-03
6.520000000000000000e+02 2.540121473601813368e-03
6.560000000000000000e+02 4.186435162215254753e-03
6.600000000000000000e+02 4.902632260070054551e-03
6.640000000000000000e+02 5.405644584475487353e-03
6.680000000000000000e+02 6.420607175734637830e-03
6.720000000000000000e+02 7.705922172772614390e-03
6.760000000000000000e+02 9.279239306870188872e-03
6.800000000000000000e+02 1.080501671490679931e-02
6.840000000000000000e+02 1.321672958703066017e-02
6.880000000000000000e+02 1.462385540045182085e-02
6.920000000000000000e+02 1.672718472809459414e-02
6.960000000000000000e+02 1.988992448192568319e-02
7.000000000000000000e+02 2.281220530114007328e-02
7.040000000000000000e+02 2.558248651606048057e-02
7.080000000000000000e+02 2.869967381713843524e-02
7.120000000000000000e+02 3.220484404286745594e-02
7.160000000000000000e+02 3.561920641589629705e-02
7.200000000000000000e+02 3.952993530680197487e-02
7.240000000000000000e+02 4.338285889540789003e-02
7.280000000000000000e+02 4.668387643670098702e-02
7.320000000000000000e+02 5.044763906651183322e-02
7.360000000000000000e+02 5.486322238767209897e-02
7.400000000000000000e+02 5.986344287639554923e-02
7.440000000000000000e+02 6.555466350036100176e-02
7.480000000000000000e+02 7.159026281596699015e-02
7.520000000000000000e+02 7.785314024656098120e-02
7.560000000000000000e+02 8.431813901582736748e-02
7.600000000000000000e+02 8.996730243893071022e-02
7.640000000000000000e+02 9.584303193178393687e-02
7.680000000000000000e+02 1.014666971248969485e-01
7.720000000000000000e+02 1.060889360312285423e-01
7.760000000000000000e+02 1.100347423303626726e-01
7.800000000000000000e+02 1.127684083073310639e-01
7.840000000000000000e+02 1.167091408962448590e-01
7.880000000000000000e+02 1.207593723111206468e-01
7.920000000000000000e+02 1.257381781965772327e-01
7.960000000000000000e+02 1.313329832326877444e-01
8.000000000000000000e+02 1.393967945050705315e-01
8.040000000000000000e+02 1.477204310746543237e-01
8.080000000000000000e+02 1.582765891534869962e-01
8.120000000000000000e+02 1.685128293067046090e-01
8.160000000000000000e+02 1.796823760219795341e-01
8.200000000000000000e+02 1.890634977174505404e-01
8.240000000000000000e+02 1.978732267731010686e-01
8.280000000000000000e+02 2.041760148452454460e-01
8.320000000000000000e+02 2.092458751634987957e-01
8.360000000000000000e+02 2.121938534085731076e-01
8.400000000000000000e+02 2.131763835327231127e-01
8.440000000000000000e+02 2.115528906897959638e-01
8.480000000000000000e+02 2.107459850324185924e-01
8.520000000000000000e+02 2.089876154070798298e-01
8.560000000000000000e+02 2.084288875077751069e-01
8.600000000000000000e+02 2.086496033214204904e-01
8.640000000000000000e+02 2.128838845876398211e-01
8.680000000000000000e+02 2.178457635784054602e-01
8.720000000000000000e+02 2.268253520151731484e-01
8.760000000000000000e+02 2.378862410522830095e-01
8.800000000000000000e+02 2.517882072892171919e-01
8.840000000000000000e+02 2.668775371067174662e-01
8.880000000000000000e+02 2.826822275470278756e-01
8.920000000000000000e+02 2.990468135951382944e-01
8.960000000000000000e+02 3.134373199574939650e-01
9.000000000000000000e+02 3.265413828247455408e-01
9.040000000000000000e+02 3.366174501186338652e-01
9.080000000000000000e+02 3.437936182163665588e-01
9.120000000000000000e+02 3.482650538693941589e-01
9.160000000000000000e+02 3.489503658300350808e-01
9.200000000000000000e+02 3.469434143171306606e-01
9.240000000000000000e+02 3.410890023369613777e-01
9.280000000000000000e+02 3.329971870674829915e-01
9.320000000000000000e+02 3.245267119985792426e-01
9.360000000000000000e+02 3.149196854029504000e-01
9.400000000000000000e+02 3.054116740993819690e-01
9.440000000000000000e+02 2.975141665444331340e-01
9.480000000000000000e+02 2.925436849741589462e-01
9.520000000000000000e+02 2.902466788972519196e-01
9.560000000000000000e+02 2.900279019848477358e-01
9.600000000000000000e+02 2.931274953820648399e-01
9.640000000000000000e+02 2.993268798729591951e-01
9.680000000000000000e+02 3.086880873701165484e-01
9.720000000000000000e+02 3.214395223503777599e-01
9.760000000000000000e+02 3.368079658396218035e-01
9.800000000000000000e+02 3.541614691629717537e-01
9.840000000000000000e+02 3.731538982931805193e-01
9.880000000000000000e+02 3.934246688836268713e-01
9.920000000000000000e+02 4.136880395192949478e-01
9.960000000000000000e+02 4.339578125432819178e-01
1.000000000000000000e+03 4.524032300387614836e-01
1.004000000000000000e+03 4.682563049190528459e-01
1.008000000000000000e+03 4.806720319341310499e-01
1.012000000000000000e+03 4.899466193284971460e-01
1.016000000000000000e+03 4.962066726002959394e-01
1.020000000000000000e+03 4.974711858878403392e-01
1.024000000000000000e+03 4.962183680287948206e-01
1.028000000000000000e+03 4.903195494311975988e-01
1.032000000000000000e+03 4.806241355124325487e-01
1.036000000000000000e+03 4.691743209995804520e-01
1.040000000000000000e+03 4.542933135449335191e-01
1.044000000000000000e+03 4.390274300229684568e-01
1.048000000000000000e+03 4.230824922726880710e-01
1.052000000000000000e+03 4.070755258311814506e-01
1.056000000000000000e+03 3.925377883129156920e-01
1.060000000000000000e+03 3.797964765813371391e-01
1.064000000000000000e+03 3.683630498093370953e-01
1.068000000000000000e+03 3.589815968559558201e-01
1.072000000000000000e+03 3.533959374423034649e-01
1.076000000000000000e+03 3.486821193991350154e-01
1.080000000000000000e+03 3.478732528138687718e-01
1.084000000000000000e+03 3.482739830375258250e-01
1.088000000000000000e+03 3.518384081540561481e-01
1.092000000000000000e+03 3.576619592186191521e-01
1.096000000000000000e+03 3.663389117169013609e-01
1.100000000000000000e+03 3.765945071549615109e-01
1.104000000000000000e+03 3.893982588866558014e-01
1.108000000000000000e+03 4.045289240156122457e-01
1.112000000000000000e+03 4.219945539352014108e-01
1.116000000000000000e+03 4.407268979950439425e-01
1.120000000000000000e+03 4.614785190452069252e-01
1.124000000000000000e+03 4.832507556509017532e-01
1.128000000000000000e+03 5.051097954739867113e-01
1.132000000000000000e+03 5.261691861506202494e-01
1.136000000000000000e+03 5.470522528863897005e-01
1.140000000000000000e+03 5.673231968886093268e-01
1.144000000000000000e+03 5.852326642658040035e-01
1.148000000000000000e+03 5.999710034402436776e-01
1.152000000000000000e+03 6.130825737818039745e-01
1.156000000000000000e+03 6.217004986761263119e-01
1.160000000000000000e+03 6.282030671560583368e-01
1.164000000000000000e+03 6.312559032391836800e-01
1.168000000000000000e+03 6.303363816401699182e-01
1.172000000000000000e+03 6.267559189459908087e-01
1.176000000000000000e+03 6.196239642464177466e-01
1.180000000000000000e+03 6.096177538469879087e-01
1.184000000000000000e+03 5.961180446034066716e-01
1.188000000000000000e+03 5.819938458976842144e-01
1.192000000000000000e+03 5.648893321131344125e-01
1.196000000000000000e+03 5.471642516339521034e-01
1.200000000000000000e+03 5.286504891330959799e-01
1.204000000000000000e+03 5.109330745491769132e-01
1.208000000000000000e+03 4.922767886798082304e-01
1.212000000000000000e+03 4.761184766030853166e-01
1.216000000000000000e+03 4.593761024204052190e-01
1.220000000000000000e+03 4.451979978291020212e-01
1.224000000000000000e+03 4.317839117977456120e-01
1.228000000000000000e+03 4.201370072210738327e-01
1.232000000000000000e+03 4.105060601518252805e-01
1.236000000000000000e+03 4.018987602328134567e-01
1.240000000000000000e+03 3.955972872228206705e-01
1.244000000000000000e+03 3.901770712307358058e-01
1.248000000000000000e+03 3.869150880930150027e-01
1.252000000000000000e+03 3.846612596063030964e-01
1.256000000000000000e+03 3.843830080041698571e-01
1.260000000000000000e+03 3.850112928647593247e-01
1.264000000000000000e+03 3.882559858343754833e-01
1.268000000000000000e+03 3.912534898245851323e-01
1.272000000000000000e+03 3.971200185539147665e-01
1.276000000000000000e+03 4.033474238525811550e-01
1.280000000000000000e+03 4.117043402351597825e-01
1.284000000000000000e+03 4.216624478193394254e-01
1.288000000000000000e+03 4.324083954397569540e-01
1.292000000000000000e+03 4.448570499255838917e-01
1.296000000000000000e+03 4.580391071325435326e-01
1.300000000000000000e+03 4.726974046755079706e-01
1.304000000000000000e+03 4.891044691666788791e-01
1.308000000000000000e+03 5.063775893516473392e-01
1.312000000000000000e+03 5.243753768846115548e-01
1.316000000000000000e+03 5.431466141243328494e-01
1.320000000000000000e+03 5.621114818845319716e-01
1.324000000000000000e+03 5.814300618006496002e-01
1.328000000000000000e+03 6.011363341973284813e-01
1.332000000000000000e+03 6.205690651619006903e-01
1.336000000000000000e+03 6.390954546913587553e-01
1.340000000000000000e+03 6.567216087399669888e-01
1.344000000000000000e+03 6.727723951715866013e-01
1.348000000000000000e+03 6.880454472664753185e-01
1.352000000000000000e+03 7.011474886827627762e-01
1.356000000000000000e+03 7.127336059092955756e-01
1.360000000000000000e+03 7.220434605699705966e-01
1.364000000000000000e+03 7.285423662879116913e-01
1.368000000000000000e+03 7.331605257943021314e-01
1.372000000000000000e+03 7.352745431059131143e-01
1.376000000000000000e+03 7.356220352728765066e-01
1.380000000000000000e+03 7.329201660079016634e-01
1.384000000000000000e+03 7.285476552623103563e-01
1.388000000000000000e+03 7.219513107860395795e-01
1.392000000000000000e+03 7.133551134290374574e-01
1.396000000000000000e+03 7.025934252555005033e-01
1.400000000000000000e+03 6.900509630815959694e-01
1.404000000000000000e+03 6.763893311565178923e-01
1.408000000000000000e+03 6.622800952942561326e-01
1.412000000000000000e+03 6.459007598434076680e-01
1.416000000000000000e+03 6.296775211825422769e-01
1.420000000000000000e+03 6.133369807339199564e-01
1.424000000000000000e+03 5.972387080954491001e-01
1.428000000000000000e+03 5.810484063552265876e-01
1.432000000000000000e+03 5.650164923376937987e-01
1.436000000000000000e+03 5.485063670504712885e-01
1.440000000000000000e+03 5.334290101873273571e-01
1.444000000000000000e+03 5.195900606210970274e-01
1.448000000000000000e+03 5.056744327170404896e-01
1.452000000000000000e+03 4.928371980613251990e-01
1.456000000000000000e+03 4.810334029045489346e-01
1.460000000000000000e+03 4.702501076181269113e-01
1.464000000000000000e+03 4.608344165252552527e-01
1.468000000000000000e+03 4.511217996861199286e-01
1.472000000000000000e+03 4.437617495599328610e-01
1.476000000000000000e+03 4.363814401290857514e-01
1.480000000000000000e+03 4.293972861975737243e-01
1.484000000000000000e+03 4.239028327564247633e-01
1.488000000000000000e+03 4.192771859714068960e-01
1.492000000000000000e+03 4.145791374017113173e-01
1.496000000000000000e+03 4.114169589012720007e-01
1.500000000000000000e+03 4.090650677729292806e-01
1.504000000000000000e+03 4.080265259332331862e-01
1.508000000000000000e+03 4.070941974649460726e-01
1.512000000000000000e+03 4.066660874565658501e-01
1.516000000000000000e+03 4.064476946837448090e-01
1.520000000000000000e+03 4.082509159033434476e-01
1.524000000000000000e+03 4.098781760421768006e-01
1.528000000000000000e+03 4.118875671321896026e-01
1.532000000000000000e+03 4.151173358728890705e-01
1.536000000000000000e+03 4.187079835919967352e-01
1.540000000000000000e+03 4.230231216031190011e-01
1.544000000000000000e+03 4.280821619087694097e-01
1.548000000000000000e+03 4.341361200639056728e-01
1.552000000000000000e+03 4.405393901685677460e-01
1.556000000000000000e+03 4.475163347560583982e-01
1.560000000000000000e+03 4.552088795407226440e-01
1.564000000000000000e+03 4.638892124213732648e-01
1.568000000000000000e+03 4.728325980862403410e-01
1.572000000000000000e+03 4.827961593138614949e-01
1.576000000000000000e+03 4.925716084715267007e-01
1.580000000000000000e+03 5.038920111283480274e-01
1.584000000000000000e+03 5.155816075683971045e-01
1.588000000000000000e+03 5.267410186827993224e-01
1.592000000000000000e+03 5.394928706394014339e-01
1.596000000000000000e+03 5.529698372897330350e-01
1.600000000000000000e+03 5.662032532123546513e-01
1.604000000000000000e+03 5.801994365730714920e-01
1.608000000000000000e+03 5.943658023943985125e-01
1.612000000000000000e+03 6.085479659605027569e-01
1.616000000000000000e+03 6.238428634822164032e-01
1.620000000000000000e+03 6.379557080974740391e-01
1.624000000000000000e+03 6.531777133984489891e-01
1.628000000000000000e+03 6.680246185507208168e-01
1.632000000000000000e+03 6.822544489797245371e-01
1.636000000000000000e+03 6.963775838569032928e-01
1.640000000000000000e+03 7.102607461489697238e-01
1.644000000000000000e+03 7.236473631787979643e-01
1.648000000000000000e+03 7.363446542813985030e-01
1.652000000000000000e+03 7.480116510297691867e-01
1.656000000000000000e+03 7.586278973253028912e-01
1.660000000000000000e+03 7.696025604639445961e-01
1.664000000000000000e+03 7.784472013348255892e-01
1.668000000000000000e+03 7.863817428898817186e-01
1.672000000000000000e+03 7.934368376679330481e-01
1.676000000000000000e+03 7.993028905201909895e-01
1.680000000000000000e+03 8.040208716088241836e-01
1.684000000000000000e+03 8.072578112338764100e-01
1.688000000000000000e+03 8.095221899527309528e-01
1.692000000000000000e+03 8.107957749611638398e-01
1.696000000000000000e+03 8.094615115588063015e-01
1.700000000000000000e+03 8.086150604169769496e-01
1.704000000000000000e+03 8.058552074079285976e-01
1.708000000000000000e+03 8.011181763707931891e-01
1.712000000000000000e+03 7.967528005214126186e-01
1.716000000000000000e+03 7.900500340866466464e-01
1.720000000000000000e+03 7.825340098659773203e-01
1.724000000000000000e+03 7.748465749866607633e-01
1.728000000000000000e+03 7.655954401121227715e-01
1.732000000000000000e+03 7.563446532984278159e-01
1.736000000000000000e+03 7.456935139431314363e-01
1.740000000000000000e+03 7.353735400672224420e-01
1.744000000000000000e+03 7.241050507218530496e-01
1.748000000000000000e+03 7.121310785292297441e-01
1.752000000000000000e+03 7.002333699192057059e-01
1.756000000000000000e+03 6.881477256557239075e-01
1.760000000000000000e+03 6.754928125193356836e-01
1.764000000000000000e+03 6.635920093844084322e-01
1.768000000000000000e+03 6.510656864702620839e-01
1.772000000000000000e+03 6.388303195791625866e-01
1.776000000000000000e+03 6.263456036427796914e-01
1.780000000000000000e+03 6.151439361749604373e-01
1.784000000000000000e+03 6.033912000496388650e-01
1.788000000000000000e+03 5.919710395726999197e-01
1.792000000000000000e+03 5.802786831289513669e-01
1.796000000000000000e+03 5.701014309452958617e-01
1.800000000000000000e+03 5.598216096739808689e-01
1.804000000000000000e+03 5.494463407591614335e-01
1.808000000000000000e+03 5.394507027440345048e-01
1.812000000000000000e+03 5.307991107411627052e-01
1.816000000000000000e+03 5.217750846516414631e-01
1.820000000000000000e+03 5.137812134304113876e-01
1.824000000000000000e+03 5.050017276970625302e-01
1.828000000000000000e+03 4.979748410794010427e-01
1.832000000000000000e+03 4.907882087780115477e-01
1.836000000000000000e+03 4.835139550683830723e-01
1.840000000000000000e+03 4.774771628969186610e-01
1.844000000000000000e+03 4.707670236453007084e-01
1.848000000000000000e+03 4.654917372192970970e-01
1.852000000000000000e+03 4.596994880048941301e-01
1.856000000000000000e+03 4.548890905491997372e-01
1.860000000000000000e+03 4.501771788190030987e-01
1.864000000000000000e+03 4.461367258312350925e-01
1.868000000000000000e+03 4.422778591565516004e-01
1.872000000000000000e+03 4.387593351081917614e-01
1.876000000000000000e+03 4.358022987194843934e-01
1.880000000000000000e+03 4.324993420616979334e-01
1.884000000000000000e+03 4.296257201762885281e-01
1.888000000000000000e+03 4.280698412243115203e-01
1.892000000000000000e+03 4.257654653421359403e-01
1.896000000000000000e+03 4.237354289880528868e-01
1.900000000000000000e+03 4.223327078410352153e-01
1.904000000000000000e+03 4.207833020746200581e-01
1.908000000000000000e+03 4.198981142917279641e-01
1.912000000000000000e+03 4.193505762559613381e-01
1.916000000000000000e+03 4.195140927525760621e-01
1.920000000000000000e+03 4.195149531043180224e-01
1.924000000000000000e+03 4.196623761778659478e-01
1.928000000000000000e+03 4.195381018452369326e-01
1.932000000000000000e+03 4.201182749249173787e-01
1.936000000000000000e+03 4.215645544309216675e-01
1.940000000000000000e+03 4.226156247183061598e-01
1.944000000000000000e+03 4.235605956218949086e-01
1.948000000000000000e+03 4.258273933104308462e-01
1.952000000000000000e+03 4.273173673390994187e-01
1.956000000000000000e+03 4.288534804016857493e-01
1.960000000000000000e+03 4.312694986199486213e-01
1.964000000000000000e+03 4.345439012165114856e-01
1.968000000000000000e+03 4.374373952854467840e-01
1.972000000000000000e+03 4.397355451536526516e-01
1.976000000000000000e+03 4.430122953690818211e-01
1.980000000000000000e+03 4.469834823556720349e-01
1.984000000000000000e+03 4.502395406893368035e-01
1.988000000000000000e+03 4.542321118243096700e-01
1.992000000000000000e+03 4.588594502464786173e-01
1.996000000000000000e+03 4.634654548106785232e-01
2.000000000000000000e+03 4.679255662451658471e-01
2.004000000000000000e+03 4.732471344536569591e-01
2.008000000000000000e+03 4.777639566527138726e-01
2.012000000000000000e+03 4.836282610849619856e-01
2.016000000000000000e+03 4.894242628121661665e-01
2.020000000000000000e+03 4.945042854207368777e-01
2.024000000000000000e+03 5.012341290693667073e-01
2.028000000000000000e+03 5.077410989313648759e-01
2.032000000000000000e+03 5.137129173010696048e-01
2.036000000000000000e+03 5.205786955766811275e-01
2.040000000000000000e+03 5.270243002877958993e-01
2.044000000000000000e+03 5.345063026681579066e-01
2.048000000000000000e+03 5.420394499843494973e-01
2.052000000000000000e+03 5.498889514011164881e-01
2.056000000000000000e+03 5.576997881474471397e-01
2.060000000000000000e+03 5.656154193530090746e-01
2.064000000000000000e+03 5.736552632075256897e-01
2.068000000000000000e+03 5.814692996640390410e-01
2.072000000000000000e+03 5.899383674253835252e-01
2.076000000000000000e+03 5.987531872785024634e-01
2.080000000000000000e+03 6.080234570050468967e-01
2.084000000000000000e+03 6.164147197974754189e-01
2.088000000000000000e+03 6.258691573043120293e-01
2.092000000000000000e+03 6.344241766259361981e-01
2.096000000000000000e+03 6.437744181088091988e-01
2.100000000000000000e+03 6.527256181554381698e-01
2.104000000000000000e+03 6.628404634560992603e-01
2.108000000000000000e+03 6.722022708871860930e-01
2.112000000000000000e+03 6.811501814291650581e-01
2.116000000000000000e+03 6.906699448101880634e-01
2.120000000000000000e+03 6.998891369356963210e-01
2.124000000000000000e+03 7.094785467575503990e-01
2.128000000000000000e+03 7.185580912173762380e-01
2.132000000000000000e+03 7.271335592331987785e-01
2.136000000000000000e+03 7.367201781948152783e-01
2.140000000000000000e+03 7.457058423858913265e-01
2.144000000000000000e+03 7.545586172851224127e-01
2.148000000000000000e+03 7.626727153033447948e-01
2.152000000000000000e+03 7.705577949992139519e-01
2.156000000000000000e+03 7.784864037483973931e-01
2.160000000000000000e+03 7.867997342846675402e-01
2.164000000000000000e+03 7.940322622379606399e-01
2.168000000000000000e+03 8.015214428036835370e-01
2.172000000000000000e+03 8.082858771434927592e-01
2.176000000000000000e+03 8.143421058740263341e-01
2.180000000000000000e+03 8.208830992667308646e-01
2.184000000000000000e+03 8.262672835693908313e-01
2.188000000000000000e+03 8.313421484080816271e-01
2.192000000000000000e+03 8.362140874779235844e-01
2.196000000000000000e+03 8.406408535500745627e-01
