6.000000000000000000e+02 8.741955128422704150e-04
6.040000000000000000e+02 2.325971210944054136e-04
6.080000000000000000e+02 2.838122005130201274e-04
6.120000000000000000e+02 6.241019262969768188e-05
6.160000000000000000e+02 9.894391326845939413e-04
6.200000000000000000e+02 3.480095522383928267e-05
6.240000000000000000e+02 2.247027975048613755e-04
6.280000000000000000e+02 1.015019029083746947e-03
6.320000000000000000e+02 8.330674805358067279e-04
6.360000000000000000e+02 7.745489557721167359e-04
6.400000000000000000e+02 2.315658475506188630e-04
6.440000000000000000e+02 4.553731249954321011e-04
6.480000000000000000e+02 1.061160752434305412e-03
6.520000000000000000e+02 1.161761036029935849e-03
6.560000000000000000e+02 1.288593971305398078e-03
6.600000000000000000e+02 1.236074878993072106e-03
6.640000000000000000e+02 1.705654452063306301e-03
6.680000000000000000e+02 2.016264533815408360e-03
6.720000000000000000e+02 3.087887083404372481e-03
6.760000000000000000e+02 3.423692489123684145e-03
6.800000000000000000e+02 4.029545152498674974e-03
6.840000000000000000e+02 5.810295936978326567e-03
6.880000000000000000e+02 6.436818503238665549e-03
6.920000000000000000e+02 7.259062476156656792e-03
6.960000000000000000e+02 9.175950583273931316e-03
7.000000000000000000e+02 1.021761480435803664e-02
7.040000000000000000e+02 1.243820711101199274e-02
7.080000000000000000e+02 1.483141306145750217e-02
7.120000000000000000e+02 1.639532778200400789e-02
7.160000000000000000e+02 1.920775771750355548e-02
7.200000000000000000e+02 2.092348746703380849e-02
7.240000000000000000e+02 2.458358907446107217e-02
7.280000000000000000e+02 2.722321271562724507e-02
7.320000000000000000e+02 3.103856927333542570e-02
7.360000000000000000e+02 3.426963908827992955e-02
7.400000000000000000e+02 3.833865519757585077e-02
7.440000000000000000e+02 4.149019374379480513e-02
7.480000000000000000e+02 4.529345792356862660e-02
7.520000000000000000e+02 4.925670246163246085e-02
7.560000000000000000e+02 5.292547153847827063e-02
7.600000000000000000e+02 5.672670618436196494e-02
7.640000000000000000e+02 6.198134180092281648e-02
7.680000000000000000e+02 6.700214788654303144e-02
7.720000000000000000e+02 7.395843195938317516e-02
7.760000000000000000e+02 8.050932891840160976e-02
7.800000000000000000e+02 8.676804663954157393e-02
7.840000000000000000e+02 9.235352418405096131e-02
7.880000000000000000e+02 9.727089875328329138e-02
7.920000000000000000e+02 1.010750432024600937e-01
7.960000000000000000e+02 1.040739540535298713e-01
8.000000000000000000e+02 1.075199794853750196e-01
8.040000000000000000e+02 1.109435383920216178e-01
8.080000000000000000e+02 1.150588579819376150e-01
8.120000000000000000e+02 1.204170721249484544e-01
8.160000000000000000e+02 1.279669816119851644e-01
8.200000000000000000e+02 1.374711825683614108e-01
8.240000000000000000e+02 1.476835387197674432e-01
8.280000000000000000e+02 1.586748926509322088e-01
8.320000000000000000e+02 1.695026259592489759e-01
8.360000000000000000e+02 1.780208511443717445e-01
8.400000000000000000e+02 1.847583895858227465e-01
8.440000000000000000e+02 1.901252530388586326e-01
8.480000000000000000e+02 1.914863272829455954e-01
8.520000000000000000e+02 1.909247958706491721e-01
8.560000000000000000e+02 1.894053906648107410e-01
8.600000000000000000e+02 1.881925838070779011e-01
8.640000000000000000e+02 1.869356712094465967e-01
8.680000000000000000e+02 1.887189511493497229e-01
8.720000000000000000e+02 1.923695954641621020e-01
8.760000000000000000e+02 1.989273215388551452e-01
8.800000000000000000e+02 2.101590089308302267e-01
8.840000000000000000e+02 2.232739145904763800e-01
8.880000000000000000e+02 2.384802386275338137e-01
8.920000000000000000e+02 2.548379294799859585e-01
8.960000000000000000e+02 2.709640671548382840e-01
9.000000000000000000e+02 2.857087549771770707e-01
9.040000000000000000e+02 2.981337529318321411e-01
9.080000000000000000e+02 3.063711200488838937e-01
9.120000000000000000e+02 3.106096283481377673e-01
9.160000000000000000e+02 3.110553255712514287e-01
9.200000000000000000e+02 3.077650711286526453e-01
9.240000000000000000e+02 3.013815670307160577e-01
9.280000000000000000e+02 2.924289132476708408e-01
9.320000000000000000e+02 2.830740285082579133e-01
9.360000000000000000e+02 2.736192590322165108e-01
9.400000000000000000e+02 2.674120080624914353e-01
9.440000000000000000e+02 2.636310330084037923e-01
9.480000000000000000e+02 2.628872412855852159e-01
9.520000000000000000e+02 2.668168964612470107e-01
9.560000000000000000e+02 2.731974903483401218e-01
9.600000000000000000e+02 2.847141689766504724e-01
9.640000000000000000e+02 2.991865674350968618e-01
9.680000000000000000e+02 3.175526503275803991e-01
9.720000000000000000e+02 3.373296079450099905e-01
9.760000000000000000e+02 3.595047683448712172e-01
9.800000000000000000e+02 3.811021198683695599e-01
9.840000000000000000e+02 4.014745614337661417e-01
9.880000000000000000e+02 4.196818692532479078e-01
9.920000000000000000e+02 4.338073539793937394e-01
9.960000000000000000e+02 4.434525278019839645e-01
1.000000000000000000e+03 4.480800734955193709e-01
1.004000000000000000e+03 4.480919567603057763e-01
1.008000000000000000e+03 4.432619637512361654e-01
1.012000000000000000e+03 4.331178587084811848e-01
1.016000000000000000e+03 4.202817974717010241e-01
1.020000000000000000e+03 4.045566225626218149e-01
1.024000000000000000e+03 3.873241898402704497e-01
1.028000000000000000e+03 3.711098732746137552e-01
1.032000000000000000e+03 3.561266391061761460e-01
1.036000000000000000e+03 3.435571844065393177e-01
1.040000000000000000e+03 3.335373417456407585e-01
1.044000000000000000e+03 3.272043884147741166e-01
1.048000000000000000e+03 3.233636140547927473e-01
1.052000000000000000e+03 3.228429731438918759e-01
1.056000000000000000e+03 3.267400130019973981e-01
1.060000000000000000e+03 3.325446957320641328e-01
1.064000000000000000e+03 3.424157245699153695e-01
1.068000000000000000e+03 3.561229262389682959e-01
1.072000000000000000e+03 3.717168414707085478e-01
1.076000000000000000e+03 3.914220853721658289e-01
1.080000000000000000e+03 4.126045335191885211e-01
1.084000000000000000e+03 4.359533213196472579e-01
1.088000000000000000e+03 4.605043880530877987e-01
1.092000000000000000e+03 4.853799906982732004e-01
1.096000000000000000e+03 5.091011053322898050e-01
1.100000000000000000e+03 5.303145156571230645e-01
1.104000000000000000e+03 5.493493126477496658e-01
1.108000000000000000e+03 5.643968897672240193e-01
1.112000000000000000e+03 5.747288625210392743e-01
1.116000000000000000e+03 5.800762173091492668e-01
1.120000000000000000e+03 5.810425014410025568e-01
1.124000000000000000e+03 5.770004216423784138e-01
1.128000000000000000e+03 5.686061641027638780e-01
1.132000000000000000e+03 5.555888124641964465e-01
1.136000000000000000e+03 5.397626855257392497e-01
1.140000000000000000e+03 5.211387772832848375e-01
1.144000000000000000e+03 5.015520709202065941e-01
1.148000000000000000e+03 4.809879174557971648e-01
1.152000000000000000e+03 4.607337805759453286e-01
1.156000000000000000e+03 4.410574969580657312e-01
1.160000000000000000e+03 4.242208347572786198e-01
1.164000000000000000e+03 4.088626602665303977e-01
1.168000000000000000e+03 3.952808952558886091e-01
1.172000000000000000e+03 3.846823031529106873e-01
1.176000000000000000e+03 3.770291016878326573e-01
1.180000000000000000e+03 3.711422558838313179e-01
1.184000000000000000e+03 3.672435292619286584e-01
1.188000000000000000e+03 3.657143827089934240e-01
1.192000000000000000e+03 3.666399031289134802e-01
1.196000000000000000e+03 3.705718390034153376e-01
1.200000000000000000e+03 3.760156306459764841e-01
1.204000000000000000e+03 3.838142857817101183e-01
1.208000000000000000e+03 3.940576012353165791e-01
1.212000000000000000e+03 4.067007929115387110e-01
1.216000000000000000e+03 4.211614412367753468e-01
1.220000000000000000e+03 4.370642524376740501e-01
1.224000000000000000e+03 4.557749117319501164e-01
1.228000000000000000e+03 4.765291317608941202e-01
1.232000000000000000e+03 4.983463649747768009e-01
1.236000000000000000e+03 5.211053798209523968e-01
1.240000000000000000e+03 5.440644855085021714e-01
1.244000000000000000e+03 5.676641093408600902e-01
1.248000000000000000e+03 5.913859240226109204e-01
1.252000000000000000e+03 6.132177980301261044e-01
1.256000000000000000e+03 6.330314841516139213e-01
1.260000000000000000e+03 6.512089482826524112e-01
1.264000000000000000e+03 6.664073839148950684e-01
1.268000000000000000e+03 6.786338727841921825e-01
1.272000000000000000e+03 6.870088187031251348e-01
1.276000000000000000e+03 6.916364150205541739e-01
1.280000000000000000e+03 6.919426895255132992e-01
1.284000000000000000e+03 6.888585062324288355e-01
1.288000000000000000e+03 6.831598521075007424e-01
1.292000000000000000e+03 6.730630056120529003e-01
1.296000000000000000e+03 6.599491471598871728e-01
1.300000000000000000e+03 6.448238639189133314e-01
1.304000000000000000e+03 6.271164127384655229e-01
1.308000000000000000e+03 6.089820079041796674e-01
1.312000000000000000e+03 5.885210105069723641e-01
1.316000000000000000e+03 5.689112633624827664e-01
1.320000000000000000e+03 5.484441653462868160e-01
1.324000000000000000e+03 5.287425023918299605e-01
1.328000000000000000e+03 5.105973564566823608e-01
1.332000000000000000e+03 4.925345272696953769e-01
1.336000000000000000e+03 4.762699302808175439e-01
1.340000000000000000e+03 4.614472347165436972e-01
1.344000000000000000e+03 4.480263863535024482e-01
1.348000000000000000e+03 4.366807544248410000e-01
1.352000000000000000e+03 4.264138550907945469e-01
1.356000000000000000e+03 4.180382279484336494e-01
1.360000000000000000e+03 4.103504173395823851e-01
1.364000000000000000e+03 4.046406909253661421e-01
1.368000000000000000e+03 3.996626139782499254e-01
1.372000000000000000e+03 3.971689545451773662e-01
1.376000000000000000e+03 3.955778364714710449e-01
1.380000000000000000e+03 3.947018638064156426e-01
1.384000000000000000e+03 3.961537002977120747e-01
1.388000000000000000e+03 3.982076517928590520e-01
1.392000000000000000e+03 4.014226067405311515e-01
1.396000000000000000e+03 4.061431735463059689e-01
1.400000000000000000e+03 4.116385902666492291e-01
1.404000000000000000e+03 4.186233412670384846e-01
1.408000000000000000e+03 4.272373190332721116e-01
1.412000000000000000e+03 4.362343048179202487e-01
1.416000000000000000e+03 4.466744389637041235e-01
1.420000000000000000e+03 4.593201791787198673e-01
1.424000000000000000e+03 4.719758548092743977e-01
1.428000000000000000e+03 4.859716250271068905e-01
1.432000000000000000e+03 5.017568355030985749e-01
1.436000000000000000e+03 5.179579148129958011e-01
1.440000000000000000e+03 5.354376482978490115e-01
1.444000000000000000e+03 5.533094636729686266e-01
1.448000000000000000e+03 5.722054269282483840e-01
1.452000000000000000e+03 5.913973037739203020e-01
1.456000000000000000e+03 6.112250191823104251e-01
1.460000000000000000e+03 6.305523819317413459e-01
1.464000000000000000e+03 6.498098732574232317e-01
1.468000000000000000e+03 6.686603199427469946e-01
1.472000000000000000e+03 6.872581426127084558e-01
1.476000000000000000e+03 7.039899926559762822e-01
1.480000000000000000e+03 7.203269482916726529e-01
1.484000000000000000e+03 7.338287544689084951e-01
1.488000000000000000e+03 7.462446782596080519e-01
1.492000000000000000e+03 7.572286170381045123e-01
1.496000000000000000e+03 7.651581869348458298e-01
1.500000000000000000e+03 7.713772084235407389e-01
1.504000000000000000e+03 7.746854355055924346e-01
1.508000000000000000e+03 7.764469457007673325e-01
1.512000000000000000e+03 7.746671197248689023e-01
1.516000000000000000e+03 7.712146498677527884e-01
1.520000000000000000e+03 7.659313231136239963e-01
1.524000000000000000e+03 7.583802678496972538e-01
1.528000000000000000e+03 7.488772977645639095e-01
1.532000000000000000e+03 7.377128201075956460e-01
1.536000000000000000e+03 7.249425346796685155e-01
1.540000000000000000e+03 7.111470712521208437e-01
1.544000000000000000e+03 6.959878037940554485e-01
1.548000000000000000e+03 6.804065574986355447e-01
1.552000000000000000e+03 6.632217046460401333e-01
1.556000000000000000e+03 6.468858874706397977e-01
1.560000000000000000e+03 6.298832404472338720e-01
1.564000000000000000e+03 6.134737802629633974e-01
1.568000000000000000e+03 5.974001668073958271e-01
1.572000000000000000e+03 5.815367054809124081e-01
1.576000000000000000e+03 5.660841669644557372e-01
1.580000000000000000e+03 5.508266476173617754e-01
1.584000000000000000e+03 5.366717886471155108e-01
1.588000000000000000e+03 5.240846520704928180e-01
1.592000000000000000e+03 5.106410063480154582e-01
1.596000000000000000e+03 4.989887485259206223e-01
1.600000000000000000e+03 4.880704762635050264e-01
1.604000000000000000e+03 4.780351642458477990e-01
1.608000000000000000e+03 4.692476359683735998e-01
1.612000000000000000e+03 4.604867031212512285e-01
1.616000000000000000e+03 4.520121740285986123e-01
1.620000000000000000e+03 4.456704722708474953e-01
1.624000000000000000e+03 4.391237229388572083e-01
1.628000000000000000e+03 4.339741975174316035e-01
1.632000000000000000e+03 4.288669487725432772e-01
1.636000000000000000e+03 4.247332466187147548e-01
1.640000000000000000e+03 4.217739360107605751e-01
1.644000000000000000e+03 4.187819632273439008e-01
1.648000000000000000e+03 4.166727796782943027e-01
1.652000000000000000e+03 4.149127151146476677e-01
1.656000000000000000e+03 4.144218028081773642e-01
1.660000000000000000e+03 4.131335683113243618e-01
1.664000000000000000e+03 4.136447611244907785e-01
1.668000000000000000e+03 4.147622779855018593e-01
1.672000000000000000e+03 4.165591441969145881e-01
1.676000000000000000e+03 4.178518119377153117e-01
1.680000000000000000e+03 4.208956877793930684e-01
1.684000000000000000e+03 4.240770388026793292e-01
1.688000000000000000e+03 4.275257537841153366e-01
1.692000000000000000e+03 4.313325588835554281e-01
1.696000000000000000e+03 4.358465009646323440e-01
1.700000000000000000e+03 4.414461629420632360e-01
1.704000000000000000e+03 4.469308238696282909e-01
1.708000000000000000e+03 4.537838601399730165e-01
1.712000000000000000e+03 4.612376165242287884e-01
1.716000000000000000e+03 4.678100845347659131e-01
1.720000000000000000e+03 4.765906721790869049e-01
1.724000000000000000e+03 4.848643640465888360e-01
1.728000000000000000e+03 4.943639498143896915e-01
1.732000000000000000e+03 5.041912842419649099e-01
1.736000000000000000e+03 5.144435412849327482e-01
1.740000000000000000e+03 5.247489957343655087e-01
1.744000000000000000e+03 5.363108031254328889e-01
1.748000000000000000e+03 5.476490568818329630e-01
1.752000000000000000e+03 5.598321735007787403e-01
1.756000000000000000e+03 5.727764478991692609e-01
1.760000000000000000e+03 5.857352642067478188e-01
1.764000000000000000e+03 5.991079856467769194e-01
1.768000000000000000e+03 6.120731097572020829e-01
1.772000000000000000e+03 6.262668449453283603e-01
1.776000000000000000e+03 6.400285739324715895e-01
1.780000000000000000e+03 6.541430448480819448e-01
1.784000000000000000e+03 6.683889944098945213e-01
1.788000000000000000e+03 6.825919608403206995e-01
1.792000000000000000e+03 6.962426788981237458e-01
1.796000000000000000e+03 7.101998997478825570e-01
1.800000000000000000e+03 7.241874066673543719e-01
1.804000000000000000e+03 7.372025205342430665e-01
1.808000000000000000e+03 7.497766884826477796e-01
1.812000000000000000e+03 7.619191133506274527e-01
1.816000000000000000e+03 7.730604592306293821e-01
1.820000000000000000e+03 7.830025076557752817e-01
1.824000000000000000e+03 7.937429091657206559e-01
1.828000000000000000e+03 8.026071358039195136e-01
1.832000000000000000e+03 8.102461710299420083e-01
1.836000000000000000e+03 8.169172197773032496e-01
1.840000000000000000e+03 8.223533213461288183e-01
1.844000000000000000e+03 8.278419880555096810e-01
1.848000000000000000e+03 8.312144950915332231e-01
1.852000000000000000e+03 8.330043726115389235e-01
1.856000000000000000e+03 8.348082142391322069e-01
1.860000000000000000e+03 8.349748651894625118e-01
1.864000000000000000e+03 8.335801780051468324e-01
1.868000000000000000e+03 8.310613339672885402e-01
1.872000000000000000e+03 8.283288361960006174e-01
1.876000000000000000e+03 8.239594727901345950e-01
1.880000000000000000e+03 8.181163541511901061e-01
1.884000000000000000e+03 8.121229422579612223e-01
1.888000000000000000e+03 8.044698141068700181e-01
1.892000000000000000e+03 7.961139580976037688e-01
1.896000000000000000e+03 7.880574624742432421e-01
1.900000000000000000e+03 7.788624894999871540e-01
1.904000000000000000e+03 7.683278804884802193e-01
1.908000000000000000e+03 7.580283952309558870e-01
1.912000000000000000e+03 7.472231153662429737e-01
1.916000000000000000e+03 7.357375615252702561e-01
1.920000000000000000e+03 7.246999947894940952e-01
1.924000000000000000e+03 7.126290417966132384e-01
1.928000000000000000e+03 7.009349117724144040e-01
1.932000000000000000e+03 6.889693942426063922e-01
1.936000000000000000e+03 6.774674303883826409e-01
1.940000000000000000e+03 6.653980818333548042e-01
1.944000000000000000e+03 6.533624933134981605e-01
1.948000000000000000e+03 6.425830792819104964e-01
1.952000000000000000e+03 6.304847818949010918e-01
1.956000000000000000e+03 6.200205658482620397e-01
1.960000000000000000e+03 6.086537511877155859e-01
1.964000000000000000e+03 5.980084720484167837e-01
1.968000000000000000e+03 5.878677813951943554e-01
1.972000000000000000e+03 5.779340368991920940e-01
1.976000000000000000e+03 5.679945302541077323e-01
1.980000000000000000e+03 5.591456918863246806e-01
1.984000000000000000e+03 5.500989357444502348e-01
1.988000000000000000e+03 5.408922000279119402e-01
1.992000000000000000e+03 5.326560530315510578e-01
1.996000000000000000e+03 5.246595161234637317e-01
2.000000000000000000e+03 5.167073547310171433e-01
2.004000000000000000e+03 5.102384271593570775e-01
2.008000000000000000e+03 5.032709765105694011e-01
2.012000000000000000e+03 4.963485347097479350e-01
2.016000000000000000e+03 4.899825529660841728e-01
2.020000000000000000e+03 4.845203454866117143e-01
2.024000000000000000e+03 4.786239962492543354e-01
2.028000000000000000e+03 4.735425395811919125e-01
2.032000000000000000e+03 4.687161643309810666e-01
2.036000000000000000e+03 4.633603585697216865e-01
2.040000000000000000e+03 4.597361723263732602e-01
2.044000000000000000e+03 4.557599670666986902e-01
2.048000000000000000e+03 4.516977865561472294e-01
2.052000000000000000e+03 4.481881762412888714e-01
2.056000000000000000e+03 4.452764105180408438e-01
2.060000000000000000e+03 4.414789583135512174e-01
2.064000000000000000e+03 4.387593875104196517e-01
2.068000000000000000e+03 4.367125006596787040e-01
2.072000000000000000e+03 4.347979213475134941e-01
2.076000000000000000e+03 4.323162198038932869e-01
2.080000000000000000e+03 4.312102359439557442e-01
2.084000000000000000e+03 4.293494647824456778e-01
2.088000000000000000e+03 4.282541248149333013e-01
2.092000000000000000e+03 4.272054906245796313e-01
2.096000000000000000e+03 4.267009618586301567e-01
2.100000000000000000e+03 4.264643900839281132e-01
2.104000000000000000e+03 4.255413338894361019e-01
2.108000000000000000e+03 4.260333927779382246e-01
2.112000000000000000e+03 4.252484315136400017e-01
2.116000000000000000e+03 4.258141832456306397e-01
2.120000000000000000e+03 4.268758588156809641e-01
2.124000000000000000e+03 4.272522381647003153e-01
2.128000000000000000e+03 4.277438540806684508e-01
2.132000000000000000e+03 4.294446085518088818e-01
2.136000000000000000e+03 4.308789265242264910e-01
2.140000000000000000e+03 4.324981222473788800e-01
2.144000000000000000e+03 4.343081236834717695e-01
2.148000000000000000e+03 4.358484770903778283e-01
2.152000000000000000e+03 4.377894246988129900e-01
2.156000000000000000e+03 4.406435234247907395e-01
2.160000000000000000e+03 4.427107183460750051e-01
2.164000000000000000e+03 4.452623255779757372e-01
2.168000000000000000e+03 4.482445711160654156e-01
2.172000000000000000e+03 4.521094713875105642e-01
2.176000000000000000e+03 4.552781032985269150e-01
2.180000000000000000e+03 4.581612979859869816e-01
2.184000000000000000e+03 4.617554370264795316e-01
2.188000000000000000e+03 4.660092021546668462e-01
2.192000000000000000e+03 4.702089167166392247e-01
2.196000000000000000e+03 4.744294425998820675e-01
