6.000000000000000000e+02 1.010369508628880877e-03
6.040000000000000000e+02 1.341376499901866673e-03
6.080000000000000000e+02 2.168787709589170987e-03
6.120000000000000000e+02 1.989773747803891529e-03
6.160000000000000000e+02 2.908778001162114560e-03
6.200000000000000000e+02 3.775652373456122798e-03
6.240000000000000000e+02 4.450664767673097842e-03
6.280000000000000000e+02 5.584263607240535533e-03
6.320000000000000000e+02 7.090239071146545169e-03
6.360000000000000000e+02 8.243004764472386392e-03
6.400000000000000000e+02 1.092688560386184324e-02
6.440000000000000000e+02 1.201397772736569405e-02
6.480000000000000000e+02 1.425210015749286269e-02
6.520000000000000000e+02 1.718603596997216390e-02
6.560000000000000000e+02 1.977898452904543886e-02
6.600000000000000000e+02 2.261024926517123113e-02
6.640000000000000000e+02 2.643983237117678714e-02
6.680000000000000000e+02 3.066969338727570590e-02
6.720000000000000000e+02 3.418072119186704727e-02
6.760000000000000000e+02 3.917060373643104637e-02
6.800000000000000000e+02 4.445140639442226455e-02
6.840000000000000000e+02 4.950575062556304695e-02
6.880000000000000000e+02 5.566213081962380349e-02
6.920000000000000000e+02 6.014364398310573234e-02
6.960000000000000000e+02 6.591288219731020193e-02
7.000000000000000000e+02 6.986202147926676154e-02
7.040000000000000000e+02 7.453357301830754178e-02
7.080000000000000000e+02 7.968040625285280343e-02
7.120000000000000000e+02 8.485333644016145038e-02
7.160000000000000000e+02 9.063200151905205504e-02
7.200000000000000000e+02 9.741219332556999566e-02
7.240000000000000000e+02 1.048914085622846409e-01
7.280000000000000000e+02 1.142862070698509036e-01
7.320000000000000000e+02 1.249402736430032523e-01
7.360000000000000000e+02 1.361366258371208005e-01
7.400000000000000000e+02 1.474138649228122211e-01
7.440000000000000000e+02 1.580020749180096051e-01
7.480000000000000000e+02 1.671208854073144012e-01
7.520000000000000000e+02 1.739548353966628436e-01
7.560000000000000000e+02 1.790007748114814667e-01
7.600000000000000000e+02 1.807711843557953668e-01
7.640000000000000000e+02 1.823385165968646748e-01
7.680000000000000000e+02 1.823598178499294120e-01
7.720000000000000000e+02 1.827679948659595155e-01
7.760000000000000000e+02 1.844278687351085799e-01
7.800000000000000000e+02 1.874892317065047775e-01
7.840000000000000000e+02 1.921550506490522781e-01
7.880000000000000000e+02 1.990991824485391914e-01
7.920000000000000000e+02 2.082061320808441529e-01
7.960000000000000000e+02 2.203188282389013930e-01
8.000000000000000000e+02 2.347279937342698075e-01
8.040000000000000000e+02 2.519415453983814279e-01
8.080000000000000000e+02 2.699240038842805056e-01
8.120000000000000000e+02 2.899470147390144081e-01
8.160000000000000000e+02 3.088142818845208137e-01
8.200000000000000000e+02 3.248987757124078835e-01
8.240000000000000000e+02 3.374588702716424526e-01
8.280000000000000000e+02 3.460482428743092975e-01
8.320000000000000000e+02 3.482674822791251290e-01
8.360000000000000000e+02 3.460863382862520710e-01
8.400000000000000000e+02 3.400351185937164900e-01
8.440000000000000000e+02 3.306593890213357922e-01
8.480000000000000000e+02 3.202385115275151461e-01
8.520000000000000000e+02 3.104007116560343338e-01
8.560000000000000000e+02 3.019102139431136256e-01
8.600000000000000000e+02 2.959311586533152627e-01
8.640000000000000000e+02 2.916326254939424212e-01
8.680000000000000000e+02 2.894601544428289097e-01
8.720000000000000000e+02 2.909061333604768262e-01
8.760000000000000000e+02 2.947755896774909568e-01
8.800000000000000000e+02 3.025333093438051790e-01
8.840000000000000000e+02 3.126156278642740483e-01
8.880000000000000000e+02 3.259913285264998128e-01
8.920000000000000000e+02 3.425618769158347288e-01
8.960000000000000000e+02 3.626880219579169395e-01
9.000000000000000000e+02 3.846396117275183157e-01
9.040000000000000000e+02 4.091135833010027811e-01
9.080000000000000000e+02 4.351734474130947716e-01
9.120000000000000000e+02 4.614961133701851459e-01
9.160000000000000000e+02 4.853384582374638545e-01
9.200000000000000000e+02 5.068332976184266592e-01
9.240000000000000000e+02 5.227024135168488739e-01
9.280000000000000000e+02 5.326256114632345051e-01
9.320000000000000000e+02 5.353052099523250007e-01
9.360000000000000000e+02 5.310908763483208617e-01
9.400000000000000000e+02 5.216590604852110458e-01
9.440000000000000000e+02 5.067752940636005565e-01
9.480000000000000000e+02 4.893129047791578978e-01
9.520000000000000000e+02 4.706366576220529230e-01
9.560000000000000000e+02 4.507838258207973459e-01
9.600000000000000000e+02 4.321484679293701170e-01
9.640000000000000000e+02 4.155553318477138158e-01
9.680000000000000000e+02 4.010752664076816520e-01
9.720000000000000000e+02 3.892907489480984529e-01
9.760000000000000000e+02 3.789409773598333420e-01
9.800000000000000000e+02 3.717214896324939066e-01
9.840000000000000000e+02 3.666697658416435690e-01
9.880000000000000000e+02 3.648591237776203644e-01
9.920000000000000000e+02 3.656274735206064830e-01
9.960000000000000000e+02 3.683553159533130561e-01
1.000000000000000000e+03 3.733219259667632239e-01
1.004000000000000000e+03 3.818192141551116081e-01
1.008000000000000000e+03 3.923958590133820867e-01
1.012000000000000000e+03 4.050198900079402531e-01
1.016000000000000000e+03 4.201322833611864094e-01
1.020000000000000000e+03 4.390817710969902588e-01
1.024000000000000000e+03 4.595914367382168408e-01
1.028000000000000000e+03 4.815938476259146728e-01
1.032000000000000000e+03 5.069550736413620529e-01
1.036000000000000000e+03 5.328680837532013825e-01
1.040000000000000000e+03 5.601662054262833701e-01
1.044000000000000000e+03 5.874456098852013364e-01
1.048000000000000000e+03 6.128226144498281069e-01
1.052000000000000000e+03 6.366271522163221563e-01
1.056000000000000000e+03 6.579177998676475347e-01
1.060000000000000000e+03 6.738521096685932132e-01
1.064000000000000000e+03 6.852355030491826815e-01
1.068000000000000000e+03 6.897196433695178541e-01
1.072000000000000000e+03 6.893732265552852123e-01
1.076000000000000000e+03 6.830795787409775777e-01
1.080000000000000000e+03 6.714964411130304178e-01
1.084000000000000000e+03 6.560676327477309444e-01
1.088000000000000000e+03 6.371429667717825041e-01
1.092000000000000000e+03 6.162787186151749141e-01
1.096000000000000000e+03 5.941710434159765963e-01
1.100000000000000000e+03 5.720006752370955239e-01
1.104000000000000000e+03 5.502565912862190656e-01
1.108000000000000000e+03 5.295827784324232956e-01
1.112000000000000000e+03 5.099105579360667662e-01
1.116000000000000000e+03 4.917982897106285001e-01
1.120000000000000000e+03 4.758313111848100352e-01
1.124000000000000000e+03 4.621818570521234459e-01
1.128000000000000000e+03 4.496932753449496833e-01
1.132000000000000000e+03 4.395080329165194644e-01
1.136000000000000000e+03 4.309931523866639136e-01
1.140000000000000000e+03 4.233627823660155443e-01
1.144000000000000000e+03 4.184094859925793219e-01
1.148000000000000000e+03 4.144052115570281414e-01
1.152000000000000000e+03 4.130769256303235548e-01
1.156000000000000000e+03 4.123039011148295629e-01
1.160000000000000000e+03 4.135760838621515001e-01
1.164000000000000000e+03 4.160694431571751450e-01
1.168000000000000000e+03 4.205455165108973326e-01
1.172000000000000000e+03 4.260398992961291209e-01
1.176000000000000000e+03 4.341960401508626055e-01
1.180000000000000000e+03 4.429061330831246535e-01
1.184000000000000000e+03 4.532065343247024258e-01
1.188000000000000000e+03 4.644562505759299853e-01
1.192000000000000000e+03 4.780706188313065264e-01
1.196000000000000000e+03 4.930589591014987727e-01
1.200000000000000000e+03 5.095967978866637882e-01
1.204000000000000000e+03 5.274613296017675035e-01
1.208000000000000000e+03 5.468454592702228778e-01
1.212000000000000000e+03 5.668744245051483555e-01
1.216000000000000000e+03 5.883540650469383237e-01
1.220000000000000000e+03 6.110188018768066831e-01
1.224000000000000000e+03 6.334384100580904287e-01
1.228000000000000000e+03 6.558824240369073300e-01
1.232000000000000000e+03 6.793101167484160152e-01
1.236000000000000000e+03 7.011743395511255139e-01
1.240000000000000000e+03 7.220396853453316943e-01
1.244000000000000000e+03 7.403005387291584638e-01
1.248000000000000000e+03 7.571646073380949860e-01
1.252000000000000000e+03 7.710372396149858254e-01
1.256000000000000000e+03 7.821989305575438589e-01
1.260000000000000000e+03 7.897704229403125220e-01
1.264000000000000000e+03 7.943477969874989109e-01
1.268000000000000000e+03 7.948529138398705562e-01
1.272000000000000000e+03 7.907464902830954045e-01
1.276000000000000000e+03 7.850459439760267832e-01
1.280000000000000000e+03 7.752920929768586378e-01
1.284000000000000000e+03 7.624193988743648287e-01
1.288000000000000000e+03 7.484394508828760006e-01
1.292000000000000000e+03 7.317006129877908771e-01
1.296000000000000000e+03 7.142774470638789674e-01
1.300000000000000000e+03 6.954145515657707000e-01
1.304000000000000000e+03 6.769357492452598990e-01
1.308000000000000000e+03 6.573375585117795517e-01
1.312000000000000000e+03 6.386365709855141848e-01
1.316000000000000000e+03 6.196070455065088023e-01
1.320000000000000000e+03 6.013524757042257862e-01
1.324000000000000000e+03 5.849770528479829590e-01
1.328000000000000000e+03 5.682875075108033691e-01
1.332000000000000000e+03 5.524243399166378632e-01
1.336000000000000000e+03 5.384010056100243524e-01
1.340000000000000000e+03 5.255085786815651971e-01
1.344000000000000000e+03 5.134277809492662215e-01
1.348000000000000000e+03 5.022127638255118320e-01
1.352000000000000000e+03 4.913229787832181228e-01
1.356000000000000000e+03 4.823995300887754523e-01
1.360000000000000000e+03 4.740422562723642930e-01
1.364000000000000000e+03 4.672005530902190729e-01
1.368000000000000000e+03 4.611090114032710408e-01
1.372000000000000000e+03 4.557756893251985741e-01
1.376000000000000000e+03 4.510785522368027101e-01
1.380000000000000000e+03 4.478602539350196032e-01
1.384000000000000000e+03 4.450812424765151487e-01
1.388000000000000000e+03 4.423787095934176294e-01
1.392000000000000000e+03 4.410180225751813565e-01
1.396000000000000000e+03 4.411839722572745148e-01
1.400000000000000000e+03 4.411254145088393530e-01
1.404000000000000000e+03 4.423498966315773662e-01
1.408000000000000000e+03 4.445068429272241994e-01
1.412000000000000000e+03 4.471243763545240668e-01
1.416000000000000000e+03 4.501151472636957251e-01
1.420000000000000000e+03 4.543448538748182663e-01
1.424000000000000000e+03 4.588002361216763081e-01
1.428000000000000000e+03 4.646138517274739366e-01
1.432000000000000000e+03 4.701182482333885471e-01
1.436000000000000000e+03 4.769712614424931885e-01
1.440000000000000000e+03 4.845111140870932420e-01
1.444000000000000000e+03 4.926230213925233969e-01
1.448000000000000000e+03 5.019163517799606344e-01
1.452000000000000000e+03 5.118876039558190039e-01
1.456000000000000000e+03 5.218860286334403575e-01
1.460000000000000000e+03 5.331774234196261508e-01
1.464000000000000000e+03 5.451979376702635882e-01
1.468000000000000000e+03 5.573952278782919878e-01
1.472000000000000000e+03 5.711412689677585197e-01
1.476000000000000000e+03 5.845887178676232310e-01
1.480000000000000000e+03 5.987872246917108621e-01
1.484000000000000000e+03 6.137771240329830125e-01
1.488000000000000000e+03 6.285262850225232789e-01
1.492000000000000000e+03 6.449886177324084535e-01
1.496000000000000000e+03 6.609665075229342879e-01
1.500000000000000000e+03 6.769668984243314425e-01
1.504000000000000000e+03 6.924638847179904744e-01
1.508000000000000000e+03 7.095037950802492999e-01
1.512000000000000000e+03 7.250893790869936684e-01
1.516000000000000000e+03 7.406002819921608804e-01
1.520000000000000000e+03 7.563621409914195182e-01
1.524000000000000000e+03 7.714407346236707985e-01
1.528000000000000000e+03 7.858089387459760156e-01
1.532000000000000000e+03 7.983538023407074080e-01
1.536000000000000000e+03 8.104942860422480466e-01
1.540000000000000000e+03 8.213976457031569867e-01
1.544000000000000000e+03 8.309112673789209591e-01
1.548000000000000000e+03 8.396193705901227045e-01
1.552000000000000000e+03 8.457017355399478742e-01
1.556000000000000000e+03 8.510424590041395509e-01
1.560000000000000000e+03 8.542320410487042048e-01
1.564000000000000000e+03 8.556857382261984224e-01
1.568000000000000000e+03 8.560711055292642424e-01
1.572000000000000000e+03 8.538386528605529380e-01
1.576000000000000000e+03 8.505869210446777018e-01
1.580000000000000000e+03 8.456904742051467583e-01
1.584000000000000000e+03 8.394056015663795556e-01
1.588000000000000000e+03 8.318801171710781261e-01
1.592000000000000000e+03 8.235188310813306156e-01
1.596000000000000000e+03 8.134763709204798632e-01
1.600000000000000000e+03 8.027516185166778673e-01
1.604000000000000000e+03 7.916178833077026633e-01
1.608000000000000000e+03 7.791027867780734306e-01
1.612000000000000000e+03 7.665850067274803115e-01
1.616000000000000000e+03 7.542232901322483141e-01
1.620000000000000000e+03 7.405212745164306831e-01
1.624000000000000000e+03 7.273424190111559273e-01
1.628000000000000000e+03 7.136103238887788747e-01
1.632000000000000000e+03 6.996956826949756181e-01
1.636000000000000000e+03 6.870736556530759875e-01
1.640000000000000000e+03 6.741195531017204479e-01
1.644000000000000000e+03 6.605463283140716735e-01
1.648000000000000000e+03 6.485521900743898005e-01
1.652000000000000000e+03 6.361727231231683044e-01
1.656000000000000000e+03 6.236744450027792430e-01
1.660000000000000000e+03 6.122656664519218195e-01
1.664000000000000000e+03 6.008144689787409121e-01
1.668000000000000000e+03 5.910150553414982300e-01
1.672000000000000000e+03 5.799140955890218496e-01
1.676000000000000000e+03 5.700253955057824617e-01
1.680000000000000000e+03 5.607519541686047937e-01
1.684000000000000000e+03 5.523301030847937998e-01
1.688000000000000000e+03 5.436614456435162612e-01
1.692000000000000000e+03 5.358178153746816497e-01
1.696000000000000000e+03 5.284622683288140443e-01
1.700000000000000000e+03 5.210031615772358071e-01
1.704000000000000000e+03 5.148474049968757571e-01
1.708000000000000000e+03 5.080213114053957479e-01
1.712000000000000000e+03 5.021686358298536046e-01
1.716000000000000000e+03 4.970710871404179221e-01
1.720000000000000000e+03 4.922165548017096159e-01
1.724000000000000000e+03 4.876054130458820635e-01
1.728000000000000000e+03 4.830184696379779541e-01
1.732000000000000000e+03 4.794863413581682554e-01
1.736000000000000000e+03 4.755211359915678115e-01
1.740000000000000000e+03 4.722024813706861002e-01
1.744000000000000000e+03 4.692852790825217113e-01
1.748000000000000000e+03 4.666235514557631192e-01
1.752000000000000000e+03 4.641573566101348525e-01
1.756000000000000000e+03 4.628726005396435750e-01
1.760000000000000000e+03 4.608795186293551671e-01
1.764000000000000000e+03 4.601469327080563998e-01
1.768000000000000000e+03 4.592456024193613540e-01
1.772000000000000000e+03 4.581892856459859886e-01
1.776000000000000000e+03 4.575263047551773599e-01
1.780000000000000000e+03 4.577001792541619540e-01
1.784000000000000000e+03 4.583853977173799055e-01
1.788000000000000000e+03 4.588489162665467802e-01
1.792000000000000000e+03 4.589633180126923007e-01
1.796000000000000000e+03 4.606154977453510990e-01
1.800000000000000000e+03 4.614134368110129891e-01
1.804000000000000000e+03 4.631386962574279287e-01
1.808000000000000000e+03 4.647543793423216107e-01
1.812000000000000000e+03 4.673472350262437569e-01
1.816000000000000000e+03 4.700018268492627826e-01
1.820000000000000000e+03 4.720147855397886505e-01
1.824000000000000000e+03 4.748107855194286242e-01
1.828000000000000000e+03 4.783235801648142993e-01
1.832000000000000000e+03 4.821133986023420359e-01
1.836000000000000000e+03 4.858428480559888185e-01
1.840000000000000000e+03 4.890727069592354925e-01
1.844000000000000000e+03 4.935841621420335446e-01
1.848000000000000000e+03 4.977508819671245255e-01
1.852000000000000000e+03 5.024455118107317153e-01
1.856000000000000000e+03 5.077210128385061250e-01
1.860000000000000000e+03 5.133955138376702365e-01
1.864000000000000000e+03 5.181931892830521358e-01
1.868000000000000000e+03 5.242722705927411742e-01
1.872000000000000000e+03 5.301014528657731484e-01
1.876000000000000000e+03 5.360430898823850265e-01
1.880000000000000000e+03 5.424430419396772951e-01
1.884000000000000000e+03 5.499353047081174672e-01
1.888000000000000000e+03 5.565857233762008249e-01
1.892000000000000000e+03 5.642460186146318613e-01
1.896000000000000000e+03 5.710018354238086680e-01
1.900000000000000000e+03 5.785257265123840975e-01
1.904000000000000000e+03 5.862706487483975160e-01
1.908000000000000000e+03 5.951434311588077453e-01
1.912000000000000000e+03 6.027968982735945058e-01
1.916000000000000000e+03 6.113165242083625772e-01
1.920000000000000000e+03 6.201853687632477019e-01
1.924000000000000000e+03 6.287846837291272140e-01
1.928000000000000000e+03 6.378399769371321248e-01
1.932000000000000000e+03 6.469663837534123108e-01
1.936000000000000000e+03 6.566294688538456548e-01
1.940000000000000000e+03 6.662039198068973045e-01
1.944000000000000000e+03 6.752513642754125467e-01
1.948000000000000000e+03 6.856640983204032036e-01
1.952000000000000000e+03 6.944371016125211460e-01
1.956000000000000000e+03 7.042308033515638499e-01
1.960000000000000000e+03 7.145576191510183417e-01
1.964000000000000000e+03 7.241740230578816995e-01
1.968000000000000000e+03 7.336996336013869024e-01
1.972000000000000000e+03 7.432695624197415141e-01
1.976000000000000000e+03 7.528591050401015616e-01
1.980000000000000000e+03 7.627783834312180655e-01
1.984000000000000000e+03 7.720898247953652538e-01
1.988000000000000000e+03 7.813786110353079239e-01
1.992000000000000000e+03 7.898645735370264376e-01
1.996000000000000000e+03 7.992976444887270882e-01
2.000000000000000000e+03 8.078601651887866719e-01
2.004000000000000000e+03 8.160641048515995255e-01
2.008000000000000000e+03 8.241777712626121577e-01
2.012000000000000000e+03 8.313319896448181368e-01
2.016000000000000000e+03 8.386433276063558484e-01
2.020000000000000000e+03 8.459997243049351967e-01
2.024000000000000000e+03 8.521249130432534402e-01
2.028000000000000000e+03 8.579209003738330619e-01
2.032000000000000000e+03 8.632347605642618493e-01
2.036000000000000000e+03 8.678859582894735691e-01
2.040000000000000000e+03 8.731366268081809379e-01
2.044000000000000000e+03 8.763716120561866330e-01
2.048000000000000000e+03 8.799725843287433680e-01
2.052000000000000000e+03 8.833214604093072575e-01
2.056000000000000000e+03 8.853954462019337779e-01
2.060000000000000000e+03 8.868737574613136943e-01
2.064000000000000000e+03 8.880140410706763854e-01
2.068000000000000000e+03 8.893341178621780863e-01
2.072000000000000000e+03 8.884328545655947318e-01
2.076000000000000000e+03 8.884015144740502468e-01
2.080000000000000000e+03 8.874870569069482906e-01
2.084000000000000000e+03 8.861823004460100961e-01
2.088000000000000000e+03 8.834858431179883897e-01
2.092000000000000000e+03 8.815255164236023289e-01
2.096000000000000000e+03 8.781796550725811112e-01
2.100000000000000000e+03 8.745226178537592876e-01
2.104000000000000000e+03 8.699622519548489974e-01
2.108000000000000000e+03 8.656358386238002245e-01
2.112000000000000000e+03 8.608643485608640233e-01
2.116000000000000000e+03 8.561416442956352180e-01
2.120000000000000000e+03 8.507859424167653062e-01
2.124000000000000000e+03 8.447292186938188951e-01
2.128000000000000000e+03 8.385818927530237499e-01
2.132000000000000000e+03 8.324020627841529629e-01
2.136000000000000000e+03 8.250257543325556497e-01
2.140000000000000000e+03 8.183140427839105113e-01
2.144000000000000000e+03 8.118587648741599772e-01
2.148000000000000000e+03 8.040885507008169730e-01
2.152000000000000000e+03 7.967977511695810700e-01
2.156000000000000000e+03 7.897886846023638441e-01
2.160000000000000000e+03 7.818233915324666050e-01
2.164000000000000000e+03 7.743172782750279426e-01
2.168000000000000000e+03 7.663443011313101350e-01
2.172000000000000000e+03 7.586029139695183998e-01
2.176000000000000000e+03 7.514532465006278361e-01
2.180000000000000000e+03 7.437291125062365227e-01
2.184000000000000000e+03 7.354117886986750730e-01
2.188000000000000000e+03 7.275356450619370197e-01
2.192000000000000000e+03 7.202404676067002409e-01
2.196000000000000000e+03 7.128610833048805162e-01
