6.000000000000000000e+02 7.594883854849330401e-04
6.040000000000000000e+02 5.362640982104938288e-04
6.080000000000000000e+02 9.838171012917047362e-04
6.120000000000000000e+02 1.091914789532986985e-03
6.160000000000000000e+02 1.077291491637450121e-03
6.200000000000000000e+02 9.649585979973569544e-04
6.240000000000000000e+02 1.347532249659373713e-03
6.280000000000000000e+02 1.694289254049643166e-03
6.320000000000000000e+02 2.587173581486355498e-03
6.360000000000000000e+02 3.092604751560965905e-03
6.400000000000000000e+02 3.535026228167535353e-03
6.440000000000000000e+02 4.446747264399686199e-03
6.480000000000000000e+02 6.010104924622422518e-03
6.520000000000000000e+02 6.197393262244070902e-03
6.560000000000000000e+02 8.028447163254442270e-03
6.600000000000000000e+02 8.943418954184045866e-03
6.640000000000000000e+02 1.082180642560313932e-02
6.680000000000000000e+02 1.257647964294329040e-02
6.720000000000000000e+02 1.433013222655556834e-02
6.760000000000000000e+02 1.676476559725787949e-02
6.800000000000000000e+02 1.884451923068304266e-02
6.840000000000000000e+02 2.059469488007267465e-02
6.880000000000000000e+02 2.365684735893311061e-02
6.920000000000000000e+02 2.661555860046707633e-02
6.960000000000000000e+02 2.953328013050423445e-02
7.000000000000000000e+02 3.245170661040666649e-02
7.040000000000000000e+02 3.547311977617138845e-02
7.080000000000000000e+02 3.934395188841839641e-02
7.120000000000000000e+02 4.286101091698754639e-02
7.160000000000000000e+02 4.673685813057354421e-02
7.200000000000000000e+02 4.973690681220548776e-02
7.240000000000000000e+02 5.325366860280144471e-02
7.280000000000000000e+02 5.803737449363411544e-02
7.320000000000000000e+02 6.294087723291702519e-02
7.360000000000000000e+02 6.755451545611815267e-02
7.400000000000000000e+02 7.263285008364295248e-02
7.440000000000000000e+02 7.608179546092974643e-02
7.480000000000000000e+02 7.976287946910202986e-02
7.520000000000000000e+02 8.485433383277812824e-02
7.560000000000000000e+02 8.991469014946724958e-02
7.600000000000000000e+02 9.610529341625217992e-02
7.640000000000000000e+02 1.019461233465716599e-01
7.680000000000000000e+02 1.066278578542399907e-01
7.720000000000000000e+02 1.111164524937902076e-01
7.760000000000000000e+02 1.144017891453926600e-01
7.800000000000000000e+02 1.189934786336632327e-01
7.840000000000000000e+02 1.245145664352297482e-01
7.880000000000000000e+02 1.310636462684988401e-01
7.920000000000000000e+02 1.367776816790685079e-01
7.960000000000000000e+02 1.431537108100519040e-01
8.000000000000000000e+02 1.482942610939721462e-01
8.040000000000000000e+02 1.518600565499156341e-01
8.080000000000000000e+02 1.568722110541987402e-01
8.120000000000000000e+02 1.620868053677177734e-01
8.160000000000000000e+02 1.674104686493465000e-01
8.200000000000000000e+02 1.720246177881557259e-01
8.240000000000000000e+02 1.777920018777554845e-01
8.280000000000000000e+02 1.830542834570748345e-01
8.320000000000000000e+02 1.873517995844583006e-01
8.360000000000000000e+02 1.919059384180675787e-01
8.400000000000000000e+02 1.968162667010754652e-01
8.440000000000000000e+02 2.030327101216049812e-01
8.480000000000000000e+02 2.085312843248899872e-01
8.520000000000000000e+02 2.143049549442937185e-01
8.560000000000000000e+02 2.202420214292232503e-01
8.600000000000000000e+02 2.251325381663892011e-01
8.640000000000000000e+02 2.284771247713776876e-01
8.680000000000000000e+02 2.311688024203496505e-01
8.720000000000000000e+02 2.332120782729643349e-01
8.760000000000000000e+02 2.351292298152389548e-01
8.800000000000000000e+02 2.386123312075014991e-01
8.840000000000000000e+02 2.447366437440216813e-01
8.880000000000000000e+02 2.528250688398056556e-01
8.920000000000000000e+02 2.611078149158869710e-01
8.960000000000000000e+02 2.691271891025999730e-01
9.000000000000000000e+02 2.751994973085662433e-01
9.040000000000000000e+02 2.803626165351391086e-01
9.080000000000000000e+02 2.846905629939544546e-01
9.120000000000000000e+02 2.857526381991481457e-01
9.160000000000000000e+02 2.852673671443939352e-01
9.200000000000000000e+02 2.829023971692161132e-01
9.240000000000000000e+02 2.785132073249308449e-01
9.280000000000000000e+02 2.773054688979835758e-01
9.320000000000000000e+02 2.798116115603119236e-01
9.360000000000000000e+02 2.887052493793853536e-01
9.400000000000000000e+02 3.009366325990940894e-01
9.440000000000000000e+02 3.127850438696616608e-01
9.480000000000000000e+02 3.239389533193658965e-01
9.520000000000000000e+02 3.332700674692432030e-01
9.560000000000000000e+02 3.404864422327646967e-01
9.600000000000000000e+02 3.450873494484196780e-01
9.640000000000000000e+02 3.475297023987452549e-01
9.680000000000000000e+02 3.480028830302616671e-01
9.720000000000000000e+02 3.445371054839333480e-01
9.760000000000000000e+02 3.388301829459914871e-01
9.800000000000000000e+02 3.295944275601643270e-01
9.840000000000000000e+02 3.198999076493465599e-01
9.880000000000000000e+02 3.124679717715583838e-01
9.920000000000000000e+02 3.113605644734641631e-01
9.960000000000000000e+02 3.181880991056743602e-01
1.000000000000000000e+03 3.308713282065616212e-01
1.004000000000000000e+03 3.460580479189415137e-01
1.008000000000000000e+03 3.635074984609629190e-01
1.012000000000000000e+03 3.780688973028545896e-01
1.016000000000000000e+03 3.908421420816739489e-01
1.020000000000000000e+03 4.008279368012052091e-01
1.024000000000000000e+03 4.079795363734944891e-01
1.028000000000000000e+03 4.121845421631400441e-01
1.032000000000000000e+03 4.144609501886981628e-01
1.036000000000000000e+03 4.123257264342709005e-01
1.040000000000000000e+03 4.079892762927685990e-01
1.044000000000000000e+03 3.996520075124727622e-01
1.048000000000000000e+03 3.875746695969282674e-01
1.052000000000000000e+03 3.718477283799738742e-01
1.056000000000000000e+03 3.566645086182277380e-01
1.060000000000000000e+03 3.438570328906198625e-01
1.064000000000000000e+03 3.372478579782788866e-01
1.068000000000000000e+03 3.369055063183098997e-01
1.072000000000000000e+03 3.440090903946223522e-01
1.076000000000000000e+03 3.578448582467592676e-01
1.080000000000000000e+03 3.761638872528291211e-01
1.084000000000000000e+03 3.957531302131881978e-01
1.088000000000000000e+03 4.157576867788617681e-01
1.092000000000000000e+03 4.339673769637120704e-01
1.096000000000000000e+03 4.500287094998776660e-01
1.100000000000000000e+03 4.621344426162596331e-01
1.104000000000000000e+03 4.713693697035681307e-01
1.108000000000000000e+03 4.775842034697657668e-01
1.112000000000000000e+03 4.808948866886035289e-01
1.116000000000000000e+03 4.810113570841983988e-01
1.120000000000000000e+03 4.783231898127638382e-01
1.124000000000000000e+03 4.716762221725811499e-01
1.128000000000000000e+03 4.612280341067390710e-01
1.132000000000000000e+03 4.465732707385572930e-01
1.136000000000000000e+03 4.295574681973983178e-01
1.140000000000000000e+03 4.100785908676539693e-01
1.144000000000000000e+03 3.912252863932922375e-01
1.148000000000000000e+03 3.735825902575061197e-01
1.152000000000000000e+03 3.614200733946021371e-01
1.156000000000000000e+03 3.534973357314544207e-01
1.160000000000000000e+03 3.520780353051068401e-01
1.164000000000000000e+03 3.571238844306568461e-01
1.168000000000000000e+03 3.678248781040530102e-01
1.172000000000000000e+03 3.836639592538580446e-01
1.176000000000000000e+03 4.032159793650344493e-01
1.180000000000000000e+03 4.250582041970441538e-01
1.184000000000000000e+03 4.477920166464545715e-01
1.188000000000000000e+03 4.697561102205232153e-01
1.192000000000000000e+03 4.896491150390326341e-01
1.196000000000000000e+03 5.062603409874492089e-01
1.200000000000000000e+03 5.204524795274138027e-01
1.204000000000000000e+03 5.318548110556733377e-01
1.208000000000000000e+03 5.399333977073331736e-01
1.212000000000000000e+03 5.451919499602373431e-01
1.216000000000000000e+03 5.477544105939113894e-01
1.220000000000000000e+03 5.466873870315724915e-01
1.224000000000000000e+03 5.427032160426965568e-01
1.228000000000000000e+03 5.348514599966235350e-01
1.232000000000000000e+03 5.239119355746275630e-01
1.236000000000000000e+03 5.102280249474820950e-01
1.240000000000000000e+03 4.925013583701786102e-01
1.244000000000000000e+03 4.733326399159251685e-01
1.248000000000000000e+03 4.514806490023252072e-01
1.252000000000000000e+03 4.302716682555198791e-01
1.256000000000000000e+03 4.105599079531033202e-01
1.260000000000000000e+03 3.929717435370340128e-01
1.264000000000000000e+03 3.795128250922510937e-01
1.268000000000000000e+03 3.686187277725604949e-01
1.272000000000000000e+03 3.636186231797396418e-01
1.276000000000000000e+03 3.615178316790353397e-01
1.280000000000000000e+03 3.646367935679513117e-01
1.284000000000000000e+03 3.717131984182507898e-01
1.288000000000000000e+03 3.834077669104992703e-01
1.292000000000000000e+03 3.978147942905909118e-01
1.296000000000000000e+03 4.157184911496196178e-01
1.300000000000000000e+03 4.367083991656459108e-01
1.304000000000000000e+03 4.591022646766775295e-01
1.308000000000000000e+03 4.817203020817248382e-01
1.312000000000000000e+03 5.044824801552718618e-01
1.316000000000000000e+03 5.257247538111320395e-01
1.320000000000000000e+03 5.453097606761327931e-01
1.324000000000000000e+03 5.627733791382236728e-01
1.328000000000000000e+03 5.771726904867696684e-01
1.332000000000000000e+03 5.894089426314390590e-01
1.336000000000000000e+03 5.995021773786799457e-01
1.340000000000000000e+03 6.059693905678260606e-01
1.344000000000000000e+03 6.094306292025247762e-01
1.348000000000000000e+03 6.107040716595277807e-01
1.352000000000000000e+03 6.096108928855470399e-01
1.356000000000000000e+03 6.050151155952574467e-01
1.360000000000000000e+03 5.974368022400542433e-01
1.364000000000000000e+03 5.877757218501982184e-01
1.368000000000000000e+03 5.744508041512037533e-01
1.372000000000000000e+03 5.589232859166752831e-01
1.376000000000000000e+03 5.411930652583679668e-01
1.380000000000000000e+03 5.208851980178249574e-01
1.384000000000000000e+03 5.006087899871919378e-01
1.388000000000000000e+03 4.785441031328186989e-01
1.392000000000000000e+03 4.575771118488979328e-01
1.396000000000000000e+03 4.386746589110154804e-01
1.400000000000000000e+03 4.202427791586556549e-01
1.404000000000000000e+03 4.051376537658746835e-01
1.408000000000000000e+03 3.922594494338292881e-01
1.412000000000000000e+03 3.819967301089970957e-01
1.416000000000000000e+03 3.741664261058693097e-01
1.420000000000000000e+03 3.698253815343593986e-01
1.424000000000000000e+03 3.676728912607923894e-01
1.428000000000000000e+03 3.682810104497509229e-01
1.432000000000000000e+03 3.716360680280775819e-01
1.436000000000000000e+03 3.775287578077792805e-01
1.440000000000000000e+03 3.854356069001846907e-01
1.444000000000000000e+03 3.964068358798168989e-01
1.448000000000000000e+03 4.095143348986020615e-01
1.452000000000000000e+03 4.253610405296763264e-01
1.456000000000000000e+03 4.431398274049476171e-01
1.460000000000000000e+03 4.621677438930649751e-01
1.464000000000000000e+03 4.822937293311733709e-01
1.468000000000000000e+03 5.033937081353354603e-01
1.472000000000000000e+03 5.250088412186749709e-01
1.476000000000000000e+03 5.456849624720047087e-01
1.480000000000000000e+03 5.659509931858127674e-01
1.484000000000000000e+03 5.856094423408249039e-01
1.488000000000000000e+03 6.030233535685016744e-01
1.492000000000000000e+03 6.194587824129054177e-01
1.496000000000000000e+03 6.335964617267549892e-01
1.500000000000000000e+03 6.452033403525715416e-01
1.504000000000000000e+03 6.545858260231535164e-01
1.508000000000000000e+03 6.616942669963253865e-01
1.512000000000000000e+03 6.670006387359752598e-01
1.516000000000000000e+03 6.696320356538721930e-01
1.520000000000000000e+03 6.710068146186141114e-01
1.524000000000000000e+03 6.693112612771583425e-01
1.528000000000000000e+03 6.649092804326306450e-01
1.532000000000000000e+03 6.588469318177424539e-01
1.536000000000000000e+03 6.499977627876603048e-01
1.540000000000000000e+03 6.386947313473871901e-01
1.544000000000000000e+03 6.255066043170546264e-01
1.548000000000000000e+03 6.111729742998125436e-01
1.552000000000000000e+03 5.944197601340446280e-01
1.556000000000000000e+03 5.769752830644294672e-01
1.560000000000000000e+03 5.572219605622437122e-01
1.564000000000000000e+03 5.382716636610284100e-01
1.568000000000000000e+03 5.180704164935134859e-01
1.572000000000000000e+03 4.986536464785732425e-01
1.576000000000000000e+03 4.807785246201021767e-01
1.580000000000000000e+03 4.627154727831209735e-01
1.584000000000000000e+03 4.466126843880460773e-01
1.588000000000000000e+03 4.310825503804917025e-01
1.592000000000000000e+03 4.179057558871019928e-01
1.596000000000000000e+03 4.061088513644323661e-01
1.600000000000000000e+03 3.966498788604804759e-01
1.604000000000000000e+03 3.881605166023823772e-01
1.608000000000000000e+03 3.815648927199232210e-01
1.612000000000000000e+03 3.761922305729265559e-01
1.616000000000000000e+03 3.726632792510690129e-01
1.620000000000000000e+03 3.703089779405861481e-01
1.624000000000000000e+03 3.697726480644368818e-01
1.628000000000000000e+03 3.714315332953643800e-01
1.632000000000000000e+03 3.729119581991137133e-01
1.636000000000000000e+03 3.773334928142839106e-01
1.640000000000000000e+03 3.825698018873506245e-01
1.644000000000000000e+03 3.894919440054970816e-01
1.648000000000000000e+03 3.970711712888863598e-01
1.652000000000000000e+03 4.067781202585604161e-01
1.656000000000000000e+03 4.177426666576581904e-01
1.660000000000000000e+03 4.301291517327658909e-01
1.664000000000000000e+03 4.433389559749326136e-01
1.668000000000000000e+03 4.574064314003091769e-01
1.672000000000000000e+03 4.730680627503796032e-01
1.676000000000000000e+03 4.897674438915315953e-01
1.680000000000000000e+03 5.075291986481935691e-01
1.684000000000000000e+03 5.253836540448381109e-01
1.688000000000000000e+03 5.440842693142036168e-01
1.692000000000000000e+03 5.624276906040150958e-01
1.696000000000000000e+03 5.811510320258322926e-01
1.700000000000000000e+03 5.993829023368013598e-01
1.704000000000000000e+03 6.171473754457447169e-01
1.708000000000000000e+03 6.333625161427819394e-01
1.712000000000000000e+03 6.492934622588766302e-01
1.716000000000000000e+03 6.643456116989521210e-01
1.720000000000000000e+03 6.769548309563849786e-01
1.724000000000000000e+03 6.890870485753710639e-01
1.728000000000000000e+03 6.994469432355112648e-01
1.732000000000000000e+03 7.083021035781132957e-01
1.736000000000000000e+03 7.144362466597967698e-01
1.740000000000000000e+03 7.199937924005072043e-01
1.744000000000000000e+03 7.236113951352362017e-01
1.748000000000000000e+03 7.252961303859410958e-01
1.752000000000000000e+03 7.259574536081336849e-01
1.756000000000000000e+03 7.246454021502983789e-01
1.760000000000000000e+03 7.211312955048075901e-01
1.764000000000000000e+03 7.160231267485691609e-01
1.768000000000000000e+03 7.101452809836966695e-01
1.772000000000000000e+03 7.016798430074053794e-01
1.776000000000000000e+03 6.923416935654664872e-01
1.780000000000000000e+03 6.807652783391330287e-01
1.784000000000000000e+03 6.686257420864817336e-01
1.788000000000000000e+03 6.547489373096999632e-01
1.792000000000000000e+03 6.402423889626287501e-01
1.796000000000000000e+03 6.250770068548419101e-01
1.800000000000000000e+03 6.085568593365302537e-01
1.804000000000000000e+03 5.915083274138319691e-01
1.808000000000000000e+03 5.747534509332264951e-01
1.812000000000000000e+03 5.586101016547961873e-01
1.816000000000000000e+03 5.415009167270606882e-01
1.820000000000000000e+03 5.255211641885737528e-01
1.824000000000000000e+03 5.101330825046359596e-01
1.828000000000000000e+03 4.950360444599656851e-01
1.832000000000000000e+03 4.801589907920837397e-01
1.836000000000000000e+03 4.665973748913239127e-01
1.840000000000000000e+03 4.545631474727994115e-01
1.844000000000000000e+03 4.422565731103927922e-01
1.848000000000000000e+03 4.311265273670146780e-01
1.852000000000000000e+03 4.218726566449872428e-01
1.856000000000000000e+03 4.123334691030968724e-01
1.860000000000000000e+03 4.049529423896507940e-01
1.864000000000000000e+03 3.975642466312741541e-01
1.868000000000000000e+03 3.918884180946327067e-01
1.872000000000000000e+03 3.858048292535626866e-01
1.876000000000000000e+03 3.820412956954266082e-01
1.880000000000000000e+03 3.782725350727570435e-01
1.884000000000000000e+03 3.754005512267816203e-01
1.888000000000000000e+03 3.732939250103475270e-01
1.892000000000000000e+03 3.718754879745569952e-01
1.896000000000000000e+03 3.706928051078943742e-01
1.900000000000000000e+03 3.710892856610549795e-01
1.904000000000000000e+03 3.717759287944791269e-01
1.908000000000000000e+03 3.737248993523806240e-01
1.912000000000000000e+03 3.753628007237643782e-01
1.916000000000000000e+03 3.791989908273218912e-01
1.920000000000000000e+03 3.824694282263881306e-01
1.924000000000000000e+03 3.864957271021298157e-01
1.928000000000000000e+03 3.923992599506191392e-01
1.932000000000000000e+03 3.976396395322238653e-01
1.936000000000000000e+03 4.043091670667037230e-01
1.940000000000000000e+03 4.114217960806955121e-01
1.944000000000000000e+03 4.188019046791080502e-01
1.948000000000000000e+03 4.276158243571555051e-01
1.952000000000000000e+03 4.370657050770159757e-01
1.956000000000000000e+03 4.474072679900861771e-01
1.960000000000000000e+03 4.579289252711781777e-01
1.964000000000000000e+03 4.692012696845866970e-01
1.968000000000000000e+03 4.812665115757772671e-01
1.972000000000000000e+03 4.932232535912174365e-01
1.976000000000000000e+03 5.065753484885324731e-01
1.980000000000000000e+03 5.199381300756321655e-01
1.984000000000000000e+03 5.338204480111496952e-01
1.988000000000000000e+03 5.480013039319745483e-01
1.992000000000000000e+03 5.632714369446653047e-01
1.996000000000000000e+03 5.772351596088036718e-01
2.000000000000000000e+03 5.925296015324549304e-01
2.004000000000000000e+03 6.080570224254627787e-01
2.008000000000000000e+03 6.228262519710902057e-01
2.012000000000000000e+03 6.370952912250286149e-01
2.016000000000000000e+03 6.515275932954668336e-01
2.020000000000000000e+03 6.658699693322677193e-01
2.024000000000000000e+03 6.786309578186278113e-01
2.028000000000000000e+03 6.914181551144922278e-01
2.032000000000000000e+03 7.035698011049478229e-01
2.036000000000000000e+03 7.150280251271365906e-01
2.040000000000000000e+03 7.259668013650832918e-01
2.044000000000000000e+03 7.358099104694912906e-01
2.048000000000000000e+03 7.441327042859461338e-01
2.052000000000000000e+03 7.523582986237442594e-01
2.056000000000000000e+03 7.588499612526871108e-01
2.060000000000000000e+03 7.648297650469071396e-01
2.064000000000000000e+03 7.690108877719560310e-01
2.068000000000000000e+03 7.726276040296304881e-01
2.072000000000000000e+03 7.751692246201518088e-01
2.076000000000000000e+03 7.759900594635484872e-01
2.080000000000000000e+03 7.765321737526724721e-01
2.084000000000000000e+03 7.751408810315237874e-01
2.088000000000000000e+03 7.729215045244697269e-01
2.092000000000000000e+03 7.695871247876795440e-01
2.096000000000000000e+03 7.656073933411801091e-01
2.100000000000000000e+03 7.606921492272674667e-01
2.104000000000000000e+03 7.538763431382820013e-01
2.108000000000000000e+03 7.475028012574707059e-01
2.112000000000000000e+03 7.392345628132676039e-01
2.116000000000000000e+03 7.300203354681507051e-01
2.120000000000000000e+03 7.201520209895136970e-01
2.124000000000000000e+03 7.097071137698506282e-01
2.128000000000000000e+03 6.983614879148256627e-01
2.132000000000000000e+03 6.870522273285030179e-01
2.136000000000000000e+03 6.748245245977515516e-01
2.140000000000000000e+03 6.621152373984338091e-01
2.144000000000000000e+03 6.493715789892284818e-01
2.148000000000000000e+03 6.366436639937828046e-01
2.152000000000000000e+03 6.231278186566956423e-01
2.156000000000000000e+03 6.101756256256377631e-01
2.160000000000000000e+03 5.963033020651207217e-01
2.164000000000000000e+03 5.829952793846204795e-01
2.168000000000000000e+03 5.707574198161817769e-01
2.172000000000000000e+03 5.575438487461439330e-01
2.176000000000000000e+03 5.451511077741990619e-01
2.180000000000000000e+03 5.336439591525952153e-01
2.184000000000000000e+03 5.212495314848710759e-01
2.188000000000000000e+03 5.101017194151283851e-01
2.192000000000000000e+03 4.993153122517131615e-01
2.196000000000000000e+03 4.893045508037683899e-01
