6.000000000000000000e+02 3.877315555379035397e-03
6.040000000000000000e+02 4.773593008038228523e-03
6.080000000000000000e+02 5.777845341692620582e-03
6.120000000000000000e+02 7.194980187579165867e-03
6.160000000000000000e+02 8.423985885965015047e-03
6.200000000000000000e+02 9.850068644970356654e-03
6.240000000000000000e+02 1.243068185314514899e-02
6.280000000000000000e+02 1.415339432014763379e-02
6.320000000000000000e+02 1.724743676026333980e-02
6.360000000000000000e+02 1.948367257479596132e-02
6.400000000000000000e+02 2.270231387928596870e-02
6.440000000000000000e+02 2.529590696521959517e-02
6.480000000000000000e+02 2.904529309226382139e-02
6.520000000000000000e+02 3.305017577701147014e-02
6.560000000000000000e+02 3.804311015934692258e-02
6.600000000000000000e+02 4.218878963239319074e-02
6.640000000000000000e+02 4.488847816897219983e-02
6.680000000000000000e+02 4.960380954394684461e-02
6.720000000000000000e+02 5.570635022399648972e-02
6.760000000000000000e+02 6.351404681345468317e-02
6.800000000000000000e+02 6.960103066113226822e-02
6.840000000000000000e+02 7.218153934001968197e-02
6.880000000000000000e+02 7.404799913525680899e-02
6.920000000000000000e+02 8.011468506284974422e-02
6.960000000000000000e+02 8.986013090532352088e-02
7.000000000000000000e+02 1.016589515098342000e-01
7.040000000000000000e+02 1.092992581148593961e-01
7.080000000000000000e+02 1.103473426230030807e-01
7.120000000000000000e+02 1.096462082355331713e-01
7.160000000000000000e+02 1.110960460332252181e-01
7.200000000000000000e+02 1.200774419077522831e-01
7.240000000000000000e+02 1.360063438443013528e-01
7.280000000000000000e+02 1.522040856072829074e-01
7.320000000000000000e+02 1.627924250027659447e-01
7.360000000000000000e+02 1.625507811086434329e-01
7.400000000000000000e+02 1.558416069705336471e-01
7.440000000000000000e+02 1.496283801656649870e-01
7.480000000000000000e+02 1.524805699052461105e-01
7.520000000000000000e+02 1.679434587036685023e-01
7.560000000000000000e+02 1.912840162465717919e-01
7.600000000000000000e+02 2.146069336789220572e-01
7.640000000000000000e+02 2.287666937909579312e-01
7.680000000000000000e+02 2.286968073510172728e-01
7.720000000000000000e+02 2.166285053444789443e-01
7.760000000000000000e+02 2.003504858918201681e-01
7.800000000000000000e+02 1.914140127416199821e-01
7.840000000000000000e+02 1.947146626290825744e-01
7.880000000000000000e+02 2.129378974960077775e-01
7.920000000000000000e+02 2.432591263220668654e-01
7.960000000000000000e+02 2.756837955418409147e-01
8.000000000000000000e+02 2.993799849607297614e-01
8.040000000000000000e+02 3.080799846149814836e-01
8.080000000000000000e+02 2.995001303412278548e-01
8.120000000000000000e+02 2.768762305326407103e-01
8.160000000000000000e+02 2.506088232902357049e-01
8.200000000000000000e+02 2.335634567384602123e-01
8.240000000000000000e+02 2.294967199798770008e-01
8.280000000000000000e+02 2.416149720325936057e-01
8.320000000000000000e+02 2.684702044404589927e-01
8.360000000000000000e+02 3.072480638730854530e-01
8.400000000000000000e+02 3.474202115132281610e-01
8.440000000000000000e+02 3.785575813675012280e-01
8.480000000000000000e+02 3.934431609161409549e-01
8.520000000000000000e+02 3.866608252981513782e-01
8.560000000000000000e+02 3.631006072325219103e-01
8.600000000000000000e+02 3.282191064110890899e-01
8.640000000000000000e+02 2.957892853330897354e-01
8.680000000000000000e+02 2.733873021573061113e-01
8.720000000000000000e+02 2.640864249896037186e-01
8.760000000000000000e+02 2.693746531635377028e-01
8.800000000000000000e+02 2.889865470346260623e-01
8.840000000000000000e+02 3.229854680811982126e-01
8.880000000000000000e+02 3.675345810017984771e-01
8.920000000000000000e+02 4.150381476354466637e-01
8.960000000000000000e+02 4.537345202542722444e-01
9.000000000000000000e+02 4.769143547217433721e-01
9.040000000000000000e+02 4.792690831290517539e-01
9.080000000000000000e+02 4.610938936676393651e-01
9.120000000000000000e+02 4.257024858693144731e-01
9.160000000000000000e+02 3.839956403943980412e-01
9.200000000000000000e+02 3.450192550621328236e-01
9.240000000000000000e+02 3.156132844772364665e-01
9.280000000000000000e+02 2.986692445979905464e-01
9.320000000000000000e+02 2.935559558121756396e-01
9.360000000000000000e+02 3.001274446314523003e-01
9.400000000000000000e+02 3.189680513707992549e-01
9.440000000000000000e+02 3.508230913930265871e-01
9.480000000000000000e+02 3.929325146296079874e-01
9.520000000000000000e+02 4.425258957068864962e-01
9.560000000000000000e+02 4.929165490530078020e-01
9.600000000000000000e+02 5.331296934922796771e-01
9.640000000000000000e+02 5.584008958529886879e-01
9.680000000000000000e+02 5.646469799745030826e-01
9.720000000000000000e+02 5.505273344821598469e-01
9.760000000000000000e+02 5.182740036238898673e-01
9.800000000000000000e+02 4.760795154246652006e-01
9.840000000000000000e+02 4.299396265015773544e-01
9.880000000000000000e+02 3.892175808023695116e-01
9.920000000000000000e+02 3.561583132433240872e-01
9.960000000000000000e+02 3.331410911907752848e-01
1.000000000000000000e+03 3.208363354879625873e-01
1.004000000000000000e+03 3.173160787735874178e-01
1.008000000000000000e+03 3.229915714894963652e-01
1.012000000000000000e+03 3.389706783177976468e-01
1.016000000000000000e+03 3.638892064918777813e-01
1.020000000000000000e+03 3.977077958904985389e-01
1.024000000000000000e+03 4.411731571046759726e-01
1.028000000000000000e+03 4.895913062010239791e-01
1.032000000000000000e+03 5.397598909389442756e-01
1.036000000000000000e+03 5.853071115673420532e-01
1.040000000000000000e+03 6.192333862308756487e-01
1.044000000000000000e+03 6.386937762971101051e-01
1.048000000000000000e+03 6.395393466195196108e-01
1.052000000000000000e+03 6.236115597845292013e-01
1.056000000000000000e+03 5.929669894226896609e-01
1.060000000000000000e+03 5.515247569380379300e-01
1.064000000000000000e+03 5.060971999015314582e-01
1.068000000000000000e+03 4.615759856395860727e-01
1.072000000000000000e+03 4.218706579023823178e-01
1.076000000000000000e+03 3.901022450971970978e-01
1.080000000000000000e+03 3.651216123809771230e-01
1.084000000000000000e+03 3.488109643351562372e-01
1.088000000000000000e+03 3.393508549278221320e-01
1.092000000000000000e+03 3.367693704430980706e-01
1.096000000000000000e+03 3.400146116898591364e-01
1.100000000000000000e+03 3.502699509048040061e-01
1.104000000000000000e+03 3.680600008599445028e-01
1.108000000000000000e+03 3.916583917887231925e-01
1.112000000000000000e+03 4.225728739317211602e-01
1.116000000000000000e+03 4.597899770408914732e-01
1.120000000000000000e+03 5.033042804380767343e-01
1.124000000000000000e+03 5.499196923387259517e-01
1.128000000000000000e+03 5.971381746962893811e-01
1.132000000000000000e+03 6.395396538624354976e-01
1.136000000000000000e+03 6.742917589787510435e-01
1.140000000000000000e+03 6.974576148953933741e-01
1.144000000000000000e+03 7.069993629249466949e-01
1.148000000000000000e+03 7.025950214068437116e-01
1.152000000000000000e+03 6.849886519352164083e-01
1.156000000000000000e+03 6.560618771314837838e-01
1.160000000000000000e+03 6.178359070324611624e-01
1.164000000000000000e+03 5.756299224833351103e-01
1.168000000000000000e+03 5.325858142040528209e-01
1.172000000000000000e+03 4.923528050196147587e-01
1.176000000000000000e+03 4.563479317906543598e-01
1.180000000000000000e+03 4.258404720421308798e-01
1.184000000000000000e+03 4.007985804168800459e-01
1.188000000000000000e+03 3.806982201054070480e-01
1.192000000000000000e+03 3.664272661328592529e-01
1.196000000000000000e+03 3.570691006747285234e-01
1.200000000000000000e+03 3.528777495552586352e-01
1.204000000000000000e+03 3.518960832115930470e-01
1.208000000000000000e+03 3.563545946682427634e-01
1.212000000000000000e+03 3.639298287614557426e-01
1.216000000000000000e+03 3.764223789653522445e-01
1.220000000000000000e+03 3.934581945755847299e-01
1.224000000000000000e+03 4.149219655135934492e-01
1.228000000000000000e+03 4.413612518121234340e-01
1.232000000000000000e+03 4.720226811105422970e-01
1.236000000000000000e+03 5.075741261197910248e-01
1.240000000000000000e+03 5.460132347106350093e-01
1.244000000000000000e+03 5.875943446643364654e-01
1.248000000000000000e+03 6.281579698063786132e-01
1.252000000000000000e+03 6.678204871682477117e-01
1.256000000000000000e+03 7.033644252363154825e-01
1.260000000000000000e+03 7.313824233202147473e-01
1.264000000000000000e+03 7.514755969226263321e-01
1.268000000000000000e+03 7.615506429662112220e-01
1.272000000000000000e+03 7.611727420167013758e-01
1.276000000000000000e+03 7.501601588895775441e-01
1.280000000000000000e+03 7.298686919089424352e-01
1.284000000000000000e+03 7.025503296060521263e-01
1.288000000000000000e+03 6.687876554589127220e-01
1.292000000000000000e+03 6.328294773927636285e-01
1.296000000000000000e+03 5.943946777137774085e-01
1.300000000000000000e+03 5.579419228725364110e-01
1.304000000000000000e+03 5.223121837084567787e-01
1.308000000000000000e+03 4.907952399962768886e-01
1.312000000000000000e+03 4.632861277019343360e-01
1.316000000000000000e+03 4.387967320447520581e-01
1.320000000000000000e+03 4.183290234018097187e-01
1.324000000000000000e+03 4.015925196541618725e-01
1.328000000000000000e+03 3.876267196099580925e-01
1.332000000000000000e+03 3.775572224097668017e-01
1.336000000000000000e+03 3.701744550963413372e-01
1.340000000000000000e+03 3.661242194444716547e-01
1.344000000000000000e+03 3.642147180737120848e-01
1.348000000000000000e+03 3.644574980071292325e-01
1.352000000000000000e+03 3.685376916937724845e-01
1.356000000000000000e+03 3.738090799300828326e-01
1.360000000000000000e+03 3.829585677825294021e-01
1.364000000000000000e+03 3.939704954493792322e-01
1.368000000000000000e+03 4.083372053613733010e-01
1.372000000000000000e+03 4.254845058070407804e-01
1.376000000000000000e+03 4.444397359721075080e-01
1.380000000000000000e+03 4.679166223608944297e-01
1.384000000000000000e+03 4.930498462378387625e-01
1.388000000000000000e+03 5.215233121734745847e-01
1.392000000000000000e+03 5.523563991735360723e-01
1.396000000000000000e+03 5.848360941904550137e-01
1.400000000000000000e+03 6.196022393295887998e-01
1.404000000000000000e+03 6.542080065708194558e-01
1.408000000000000000e+03 6.879886013822378299e-01
1.412000000000000000e+03 7.188068766231388018e-01
1.416000000000000000e+03 7.474723228480195658e-01
1.420000000000000000e+03 7.709072055123935563e-01
1.424000000000000000e+03 7.897344613381098721e-01
1.428000000000000000e+03 8.016617701094703730e-01
1.432000000000000000e+03 8.061588946832120017e-01
1.436000000000000000e+03 8.037006823267476285e-01
1.440000000000000000e+03 7.951729351922576239e-01
1.444000000000000000e+03 7.800919455276996706e-01
1.448000000000000000e+03 7.594819082312850300e-01
1.452000000000000000e+03 7.353411967462396559e-01
1.456000000000000000e+03 7.069156270718051083e-01
1.460000000000000000e+03 6.764039063604364577e-01
1.464000000000000000e+03 6.455134517915027681e-01
1.468000000000000000e+03 6.139766486916072852e-01
1.472000000000000000e+03 5.843116404063514180e-01
1.476000000000000000e+03 5.553091714484497121e-01
1.480000000000000000e+03 5.285476940742919183e-01
1.484000000000000000e+03 5.046566546147576160e-01
1.488000000000000000e+03 4.823021835897586262e-01
1.492000000000000000e+03 4.618141930493710468e-01
1.496000000000000000e+03 4.442506914501952453e-01
1.500000000000000000e+03 4.290246696388120839e-01
1.504000000000000000e+03 4.155272756995445071e-01
1.508000000000000000e+03 4.040747749547844436e-01
1.512000000000000000e+03 3.949655078989612877e-01
1.516000000000000000e+03 3.874010306474809373e-01
1.520000000000000000e+03 3.811252129271069378e-01
1.524000000000000000e+03 3.772984141632978461e-01
1.528000000000000000e+03 3.749095255397283388e-01
1.532000000000000000e+03 3.734749695362007960e-01
1.536000000000000000e+03 3.731969148886816190e-01
1.540000000000000000e+03 3.751145788434406270e-01
1.544000000000000000e+03 3.786952968712365419e-01
1.548000000000000000e+03 3.826516890246199898e-01
1.552000000000000000e+03 3.895989334004393845e-01
1.556000000000000000e+03 3.965333647636734016e-01
1.560000000000000000e+03 4.060684034010341725e-01
1.564000000000000000e+03 4.167627577686527363e-01
1.568000000000000000e+03 4.286724337666831253e-01
1.572000000000000000e+03 4.418262175398243174e-01
1.576000000000000000e+03 4.574613408882919896e-01
1.580000000000000000e+03 4.750145664004919999e-01
1.584000000000000000e+03 4.930300735687860869e-01
1.588000000000000000e+03 5.137078128132698263e-01
1.592000000000000000e+03 5.361973352788292901e-01
1.596000000000000000e+03 5.590322478361748892e-01
1.600000000000000000e+03 5.837232217697144732e-01
1.604000000000000000e+03 6.093762552681729616e-01
1.608000000000000000e+03 6.360167935552581975e-01
1.612000000000000000e+03 6.632149602476175021e-01
1.616000000000000000e+03 6.896805342158454089e-01
1.620000000000000000e+03 7.164616582872291861e-01
1.624000000000000000e+03 7.411511512425580372e-01
1.628000000000000000e+03 7.643296112759911942e-01
1.632000000000000000e+03 7.853610279615139689e-01
1.636000000000000000e+03 8.035215037911617175e-01
1.640000000000000000e+03 8.184652653763277996e-01
1.644000000000000000e+03 8.298620358974596600e-01
1.648000000000000000e+03 8.378872246024435810e-01
1.652000000000000000e+03 8.403172609309277341e-01
1.656000000000000000e+03 8.398032150468753843e-01
1.660000000000000000e+03 8.339338849514361662e-01
1.664000000000000000e+03 8.254433565423459074e-01
1.668000000000000000e+03 8.119793155646630733e-01
1.672000000000000000e+03 7.965190824704869721e-01
1.676000000000000000e+03 7.783763176404111528e-01
1.680000000000000000e+03 7.574800253147341289e-01
1.684000000000000000e+03 7.355212898184595449e-01
1.688000000000000000e+03 7.121760628719778774e-01
1.692000000000000000e+03 6.880261694498701619e-01
1.696000000000000000e+03 6.641640667783932361e-01
1.700000000000000000e+03 6.400507214656164789e-01
1.704000000000000000e+03 6.169286554554039848e-01
1.708000000000000000e+03 5.942949945506241782e-01
1.712000000000000000e+03 5.726955587278561577e-01
1.716000000000000000e+03 5.516112296201077791e-01
1.720000000000000000e+03 5.321793267634729041e-01
1.724000000000000000e+03 5.144985232329909453e-01
1.728000000000000000e+03 4.978093602469186307e-01
1.732000000000000000e+03 4.823296708807478517e-01
1.736000000000000000e+03 4.682824124961257883e-01
1.740000000000000000e+03 4.554822157748600886e-01
1.744000000000000000e+03 4.437738940816508548e-01
1.748000000000000000e+03 4.334528868645168842e-01
1.752000000000000000e+03 4.238619179440021867e-01
1.756000000000000000e+03 4.153215727980088534e-01
1.760000000000000000e+03 4.075350015034727158e-01
1.764000000000000000e+03 4.016728791414733712e-01
1.768000000000000000e+03 3.955801679929180636e-01
1.772000000000000000e+03 3.912623031208038449e-01
1.776000000000000000e+03 3.872687601142866254e-01
1.780000000000000000e+03 3.850113143798306603e-01
1.784000000000000000e+03 3.829224160793083809e-01
1.788000000000000000e+03 3.811151239975477112e-01
1.792000000000000000e+03 3.802551927545295696e-01
1.796000000000000000e+03 3.804214105074497088e-01
1.800000000000000000e+03 3.815672060864890303e-01
1.804000000000000000e+03 3.830240965778738405e-01
1.808000000000000000e+03 3.852144122112746150e-01
1.812000000000000000e+03 3.886338052000454235e-01
1.816000000000000000e+03 3.922758297487153878e-01
1.820000000000000000e+03 3.971716074890091486e-01
1.824000000000000000e+03 4.016156328813542675e-01
1.828000000000000000e+03 4.085045002877239484e-01
1.832000000000000000e+03 4.146442521436202178e-01
1.836000000000000000e+03 4.225966167038816002e-01
1.840000000000000000e+03 4.311341950892688124e-01
1.844000000000000000e+03 4.396451387202238159e-01
1.848000000000000000e+03 4.500272775586479090e-01
1.852000000000000000e+03 4.602167029250154306e-01
1.856000000000000000e+03 4.721082766249943274e-01
1.860000000000000000e+03 4.842488720598557284e-01
1.864000000000000000e+03 4.974186461967777251e-01
1.868000000000000000e+03 5.116251447088066007e-01
1.872000000000000000e+03 5.263163296288861925e-01
1.876000000000000000e+03 5.427065904529257967e-01
1.880000000000000000e+03 5.584515639766717277e-01
1.884000000000000000e+03 5.760354223394658080e-01
1.888000000000000000e+03 5.939858777396812561e-01
1.892000000000000000e+03 6.120020192899398026e-01
1.896000000000000000e+03 6.314107550815943881e-01
1.900000000000000000e+03 6.498196236081467125e-01
1.904000000000000000e+03 6.697175610967434078e-01
1.908000000000000000e+03 6.891954837392112454e-01
1.912000000000000000e+03 7.086770726874690451e-01
1.916000000000000000e+03 7.285824607702823252e-01
1.920000000000000000e+03 7.471260238314857416e-01
1.924000000000000000e+03 7.653780631653439581e-01
1.928000000000000000e+03 7.825038300148364767e-01
1.932000000000000000e+03 7.986118108633131207e-01
1.936000000000000000e+03 8.136449856357975685e-01
1.940000000000000000e+03 8.264661518391930306e-01
1.944000000000000000e+03 8.387813468142059081e-01
1.948000000000000000e+03 8.478476056399424365e-01
1.952000000000000000e+03 8.563458107834186483e-01
1.956000000000000000e+03 8.616955022846096712e-01
1.960000000000000000e+03 8.648067627704830729e-01
1.964000000000000000e+03 8.669136078387633670e-01
1.968000000000000000e+03 8.659670312968802408e-01
1.972000000000000000e+03 8.631949990590815913e-01
1.976000000000000000e+03 8.575883464450982929e-01
1.980000000000000000e+03 8.503485970268533922e-01
1.984000000000000000e+03 8.416863808880026276e-01
1.988000000000000000e+03 8.310714745064822218e-01
1.992000000000000000e+03 8.189794124723921431e-01
1.996000000000000000e+03 8.053012760415658722e-01
2.000000000000000000e+03 7.915573830680950884e-01
2.004000000000000000e+03 7.759462453447214525e-01
2.008000000000000000e+03 7.596281099014716709e-01
2.012000000000000000e+03 7.433828491451609510e-01
2.016000000000000000e+03 7.254588156852789238e-01
2.020000000000000000e+03 7.084580738613213136e-01
2.024000000000000000e+03 6.913706793412187634e-01
2.028000000000000000e+03 6.737850895111566762e-01
2.032000000000000000e+03 6.572857018301082599e-01
2.036000000000000000e+03 6.402760214149531004e-01
2.040000000000000000e+03 6.239296071265227894e-01
2.044000000000000000e+03 6.085652134545581626e-01
2.048000000000000000e+03 5.927969929967886742e-01
2.052000000000000000e+03 5.779417818634544624e-01
2.056000000000000000e+03 5.640430011558555945e-01
2.060000000000000000e+03 5.500749517305111302e-01
2.064000000000000000e+03 5.374484834003813161e-01
2.068000000000000000e+03 5.244719576273271233e-01
2.072000000000000000e+03 5.129350712317737315e-01
2.076000000000000000e+03 5.018145237712229312e-01
2.080000000000000000e+03 4.908470043360954049e-01
2.084000000000000000e+03 4.810054819673899029e-01
2.088000000000000000e+03 4.719550691266840570e-01
2.092000000000000000e+03 4.634875645763242291e-01
2.096000000000000000e+03 4.549622223039503366e-01
2.100000000000000000e+03 4.474555887926024433e-01
2.104000000000000000e+03 4.402604339339664663e-01
2.108000000000000000e+03 4.333746959061391957e-01
2.112000000000000000e+03 4.272655682621696038e-01
2.116000000000000000e+03 4.220303744456740946e-01
2.120000000000000000e+03 4.167183678131452518e-01
2.124000000000000000e+03 4.124031609247122976e-01
2.128000000000000000e+03 4.081870107854336238e-01
2.132000000000000000e+03 4.036008288748234030e-01
2.136000000000000000e+03 4.008613227173678517e-01
2.140000000000000000e+03 3.974179515004381824e-01
2.144000000000000000e+03 3.946756983745892122e-01
2.148000000000000000e+03 3.926089132754086997e-01
2.152000000000000000e+03 3.902928468374843307e-01
2.156000000000000000e+03 3.887728582351449580e-01
2.160000000000000000e+03 3.877812264559734046e-01
2.164000000000000000e+03 3.872606329770029165e-01
2.168000000000000000e+03 3.860355798656078252e-01
2.172000000000000000e+03 3.865003091781201161e-01
2.176000000000000000e+03 3.864311749560670473e-01
2.180000000000000000e+03 3.866094282551096328e-01
2.184000000000000000e+03 3.877575462130259942e-01
2.188000000000000000e+03 3.881838441354383273e-01
2.192000000000000000e+03 3.897666730568010718e-01
2.196000000000000000e+03 3.920606603782553212e-01
