6.000000000000000000e+02 3.189366071515382060e-03
6.040000000000000000e+02 3.853495081761020014e-03
6.080000000000000000e+02 3.973848053873243850e-03
6.120000000000000000e+02 4.837291405638848539e-03
6.160000000000000000e+02 6.689956676171341515e-03
6.200000000000000000e+02 8.121375606621013959e-03
6.240000000000000000e+02 8.775166248508365838e-03
6.280000000000000000e+02 1.044618215339469108e-02
6.320000000000000000e+02 1.302871426318112993e-02
6.360000000000000000e+02 1.473907125979151238e-02
6.400000000000000000e+02 1.684679103442210737e-02
6.440000000000000000e+02 2.028053664348697729e-02
6.480000000000000000e+02 2.239059249287246242e-02
6.520000000000000000e+02 2.548167662173846104e-02
6.560000000000000000e+02 2.923183414722200363e-02
6.600000000000000000e+02 3.254954818440673747e-02
6.640000000000000000e+02 3.645747052702406898e-02
6.680000000000000000e+02 3.974190727310800142e-02
6.720000000000000000e+02 4.365216123029737327e-02
6.760000000000000000e+02 4.790970075883810991e-02
6.800000000000000000e+02 5.218315363474902713e-02
6.840000000000000000e+02 5.656198006929402666e-02
6.880000000000000000e+02 6.235620034675749129e-02
6.920000000000000000e+02 6.719691875744071563e-02
6.960000000000000000e+02 7.211513916979740701e-02
7.000000000000000000e+02 7.756213284344054548e-02
7.040000000000000000e+02 8.295712437715085930e-02
7.080000000000000000e+02 8.827071219936495627e-02
7.120000000000000000e+02 9.333895473098283158e-02
7.160000000000000000e+02 9.850814699762322491e-02
7.200000000000000000e+02 1.050870195231366488e-01
7.240000000000000000e+02 1.105026318269553415e-01
7.280000000000000000e+02 1.165041809686108154e-01
7.320000000000000000e+02 1.221342662102057885e-01
7.360000000000000000e+02 1.285984335117064670e-01
7.400000000000000000e+02 1.339290631248220564e-01
7.440000000000000000e+02 1.405531616875291545e-01
7.480000000000000000e+02 1.461608247714832887e-01
7.520000000000000000e+02 1.528813107203348121e-01
7.560000000000000000e+02 1.589181632436492964e-01
7.600000000000000000e+02 1.648178427452801631e-01
7.640000000000000000e+02 1.713048411568781348e-01
7.680000000000000000e+02 1.771519540956942584e-01
7.720000000000000000e+02 1.814260493203646019e-01
7.760000000000000000e+02 1.857600539729662992e-01
7.800000000000000000e+02 1.904739386509099464e-01
7.840000000000000000e+02 1.948484998891549247e-01
7.880000000000000000e+02 2.015993995133393279e-01
7.920000000000000000e+02 2.090271067967443552e-01
7.960000000000000000e+02 2.173899876832980638e-01
8.000000000000000000e+02 2.255588663692121576e-01
8.040000000000000000e+02 2.331447912544273027e-01
8.080000000000000000e+02 2.393957938808916608e-01
8.120000000000000000e+02 2.449246021757436331e-01
8.160000000000000000e+02 2.499363735118881602e-01
8.200000000000000000e+02 2.526145780557414455e-01
8.240000000000000000e+02 2.546328658320766714e-01
8.280000000000000000e+02 2.552007783569012478e-01
8.320000000000000000e+02 2.546917959205958204e-01
8.360000000000000000e+02 2.547482847841936460e-01
8.400000000000000000e+02 2.581594290348137033e-01
8.440000000000000000e+02 2.660402466624981477e-01
8.480000000000000000e+02 2.757182370233789426e-01
8.520000000000000000e+02 2.872846284099872527e-01
8.560000000000000000e+02 2.985609169353804493e-01
8.600000000000000000e+02 3.084039159927073892e-01
8.640000000000000000e+02 3.171911040384138847e-01
8.680000000000000000e+02 3.245902031490157658e-01
8.720000000000000000e+02 3.303393242130764906e-01
8.760000000000000000e+02 3.348368106431174329e-01
8.800000000000000000e+02 3.359740842889968326e-01
8.840000000000000000e+02 3.349958296702884586e-01
8.880000000000000000e+02 3.322612295421514816e-01
8.920000000000000000e+02 3.269278289031310458e-01
8.960000000000000000e+02 3.200051003135784278e-01
9.000000000000000000e+02 3.137407863472046476e-01
9.040000000000000000e+02 3.100435818297745949e-01
9.080000000000000000e+02 3.101283153032886042e-01
9.120000000000000000e+02 3.166423236823484033e-01
9.160000000000000000e+02 3.268529961895964564e-01
9.200000000000000000e+02 3.407830120999834067e-01
9.240000000000000000e+02 3.567246685734931089e-01
9.280000000000000000e+02 3.713649154438328215e-01
9.320000000000000000e+02 3.858909277517961756e-01
9.360000000000000000e+02 3.974451565686947796e-01
9.400000000000000000e+02 4.079482049263077892e-01
9.440000000000000000e+02 4.156787338263401299e-01
9.480000000000000000e+02 4.212288874529609428e-01
9.520000000000000000e+02 4.244239581594671518e-01
9.560000000000000000e+02 4.248015893163974988e-01
9.600000000000000000e+02 4.231288042739437261e-01
9.640000000000000000e+02 4.171018119289993664e-01
9.680000000000000000e+02 4.097919239794223789e-01
9.720000000000000000e+02 3.987400478123241387e-01
9.760000000000000000e+02 3.859468964971271010e-01
9.800000000000000000e+02 3.726684902909155883e-01
9.840000000000000000e+02 3.606554651391137845e-01
9.880000000000000000e+02 3.516073560914613760e-01
9.920000000000000000e+02 3.477833894222762123e-01
9.960000000000000000e+02 3.488739950536616785e-01
1.000000000000000000e+03 3.544316696377449172e-01
1.004000000000000000e+03 3.652251538548260124e-01
1.008000000000000000e+03 3.801209635435174872e-01
1.012000000000000000e+03 3.984180055590643699e-01
1.016000000000000000e+03 4.172067310932062734e-01
1.020000000000000000e+03 4.356915622880799810e-01
1.024000000000000000e+03 4.533522956573693974e-01
1.028000000000000000e+03 4.696796997499962378e-01
1.032000000000000000e+03 4.829550315693865725e-01
1.036000000000000000e+03 4.941147368596428557e-01
1.040000000000000000e+03 5.036089143298660975e-01
1.044000000000000000e+03 5.095586029452816579e-01
1.048000000000000000e+03 5.131186654705951478e-01
1.052000000000000000e+03 5.141657568798594369e-01
1.056000000000000000e+03 5.122740420368362413e-01
1.060000000000000000e+03 5.070718825484441528e-01
1.064000000000000000e+03 4.996562082476527222e-01
1.068000000000000000e+03 4.890812459715985772e-01
1.072000000000000000e+03 4.755322190134702032e-01
1.076000000000000000e+03 4.605644114601754602e-01
1.080000000000000000e+03 4.437841250281485683e-01
1.084000000000000000e+03 4.264346514524148257e-01
1.088000000000000000e+03 4.099253861061380455e-01
1.092000000000000000e+03 3.946747315474353757e-01
1.096000000000000000e+03 3.835585441114308103e-01
1.100000000000000000e+03 3.759955836366153936e-01
1.104000000000000000e+03 3.711828895238982184e-01
1.108000000000000000e+03 3.709732122782194441e-01
1.112000000000000000e+03 3.752646333955418356e-01
1.116000000000000000e+03 3.825861474367104331e-01
1.120000000000000000e+03 3.937293793120564822e-01
1.124000000000000000e+03 4.084897123007950603e-01
1.128000000000000000e+03 4.256558629089796097e-01
1.132000000000000000e+03 4.451433454979318305e-01
1.136000000000000000e+03 4.650566461715351374e-01
1.140000000000000000e+03 4.851513798882640116e-01
1.144000000000000000e+03 5.049542369988186952e-01
1.148000000000000000e+03 5.241202993415157163e-01
1.152000000000000000e+03 5.409338476179704758e-01
1.156000000000000000e+03 5.558951104843926627e-01
1.160000000000000000e+03 5.691177409641776652e-01
1.164000000000000000e+03 5.795295147029778660e-01
1.168000000000000000e+03 5.880388099452374950e-01
1.172000000000000000e+03 5.934486890738411846e-01
1.176000000000000000e+03 5.971373162357443976e-01
1.180000000000000000e+03 5.974212141967660816e-01
1.184000000000000000e+03 5.956450288945128735e-01
1.188000000000000000e+03 5.918903779244403252e-01
1.192000000000000000e+03 5.846975994975815993e-01
1.196000000000000000e+03 5.759831571604515643e-01
1.200000000000000000e+03 5.641334390390611020e-01
1.204000000000000000e+03 5.501436086619658772e-01
1.208000000000000000e+03 5.338419118372969008e-01
1.212000000000000000e+03 5.164481225396383435e-01
1.216000000000000000e+03 4.974949549562257545e-01
1.220000000000000000e+03 4.788863530089106368e-01
1.224000000000000000e+03 4.604167746181436205e-01
1.228000000000000000e+03 4.432422468867889820e-01
1.232000000000000000e+03 4.282310684250412725e-01
1.236000000000000000e+03 4.142946667742007927e-01
1.240000000000000000e+03 4.037788101726568213e-01
1.244000000000000000e+03 3.947829902806777591e-01
1.248000000000000000e+03 3.887918960882604247e-01
1.252000000000000000e+03 3.847094856649507788e-01
1.256000000000000000e+03 3.832965242189472210e-01
1.260000000000000000e+03 3.848747614440259923e-01
1.264000000000000000e+03 3.887048804775488642e-01
1.268000000000000000e+03 3.946499746012381293e-01
1.272000000000000000e+03 4.025962304704207573e-01
1.276000000000000000e+03 4.136329174901597905e-01
1.280000000000000000e+03 4.257892380591916104e-01
1.284000000000000000e+03 4.406685865442432903e-01
1.288000000000000000e+03 4.561169200435462590e-01
1.292000000000000000e+03 4.744196296490977849e-01
1.296000000000000000e+03 4.922450502124176563e-01
1.300000000000000000e+03 5.118632150234396772e-01
1.304000000000000000e+03 5.309673642597105836e-01
1.308000000000000000e+03 5.511253892102986329e-01
1.312000000000000000e+03 5.698293548056344582e-01
1.316000000000000000e+03 5.876710981806101408e-01
1.320000000000000000e+03 6.034439130341033852e-01
1.324000000000000000e+03 6.191224264925313525e-01
1.328000000000000000e+03 6.326145140026504521e-01
1.332000000000000000e+03 6.441047308866971743e-01
1.336000000000000000e+03 6.537876591497437939e-01
1.340000000000000000e+03 6.613226009739494593e-01
1.344000000000000000e+03 6.677517505641158424e-01
1.348000000000000000e+03 6.715519377164791415e-01
1.352000000000000000e+03 6.731857381946372287e-01
1.356000000000000000e+03 6.730182132391222538e-01
1.360000000000000000e+03 6.707844930207494949e-01
1.364000000000000000e+03 6.666321295165480443e-01
1.368000000000000000e+03 6.601573943598235683e-01
1.372000000000000000e+03 6.521397536624233826e-01
1.376000000000000000e+03 6.422885171220167333e-01
1.380000000000000000e+03 6.303765672907694073e-01
1.384000000000000000e+03 6.167733760096834050e-01
1.388000000000000000e+03 6.017814789772907291e-01
1.392000000000000000e+03 5.865183779223328564e-01
1.396000000000000000e+03 5.695206554414373734e-01
1.400000000000000000e+03 5.524145749785219772e-01
1.404000000000000000e+03 5.344590241816929987e-01
1.408000000000000000e+03 5.172494090537678169e-01
1.412000000000000000e+03 5.001685959607117260e-01
1.416000000000000000e+03 4.843484649321248003e-01
1.420000000000000000e+03 4.690161611436047817e-01
1.424000000000000000e+03 4.549713618405776816e-01
1.428000000000000000e+03 4.424407748241038218e-01
1.432000000000000000e+03 4.303318035027606792e-01
1.436000000000000000e+03 4.206146311702596008e-01
1.440000000000000000e+03 4.121785637372831768e-01
1.444000000000000000e+03 4.049372808047479455e-01
1.448000000000000000e+03 3.987618595027695445e-01
1.452000000000000000e+03 3.948919459781755070e-01
1.456000000000000000e+03 3.917611991084131717e-01
1.460000000000000000e+03 3.902239197908043966e-01
1.464000000000000000e+03 3.897744240632296520e-01
1.468000000000000000e+03 3.902331743878725279e-01
1.472000000000000000e+03 3.922716714331086485e-01
1.476000000000000000e+03 3.952455609800268332e-01
1.480000000000000000e+03 4.002858534599604834e-01
1.484000000000000000e+03 4.054196586078530062e-01
1.488000000000000000e+03 4.130968085468035289e-01
1.492000000000000000e+03 4.211318391981773712e-01
1.496000000000000000e+03 4.297353928788936739e-01
1.500000000000000000e+03 4.401485649151994917e-01
1.504000000000000000e+03 4.515585461648747301e-01
1.508000000000000000e+03 4.635547786248043201e-01
1.512000000000000000e+03 4.777762395831696152e-01
1.516000000000000000e+03 4.913281416758226161e-01
1.520000000000000000e+03 5.066670887162920689e-01
1.524000000000000000e+03 5.219368221498293936e-01
1.528000000000000000e+03 5.382333509011607564e-01
1.532000000000000000e+03 5.544675493939812405e-01
1.536000000000000000e+03 5.716710816029039188e-01
1.540000000000000000e+03 5.875706701042762159e-01
1.544000000000000000e+03 6.041042042093255349e-01
1.548000000000000000e+03 6.205160202552075788e-01
1.552000000000000000e+03 6.356426234004115550e-01
1.556000000000000000e+03 6.508628363647832593e-01
1.560000000000000000e+03 6.653058549994657067e-01
1.564000000000000000e+03 6.777923378796795184e-01
1.568000000000000000e+03 6.896230371801572723e-01
1.572000000000000000e+03 7.009351905098857305e-01
1.576000000000000000e+03 7.103174650875688778e-01
1.580000000000000000e+03 7.188849903641549854e-01
1.584000000000000000e+03 7.260327979530802889e-01
1.588000000000000000e+03 7.318629902587681091e-01
1.592000000000000000e+03 7.356995196794920977e-01
1.596000000000000000e+03 7.383639631294115491e-01
1.600000000000000000e+03 7.400748150106400969e-01
1.604000000000000000e+03 7.404279156908794013e-01
1.608000000000000000e+03 7.388517604247296644e-01
1.612000000000000000e+03 7.359654653616416464e-01
1.616000000000000000e+03 7.316029934956458369e-01
1.620000000000000000e+03 7.266168340836944850e-01
1.624000000000000000e+03 7.199143262948909383e-01
1.628000000000000000e+03 7.115565377573588313e-01
1.632000000000000000e+03 7.025744374870139808e-01
1.636000000000000000e+03 6.917735622093449388e-01
1.640000000000000000e+03 6.801727737015678121e-01
1.644000000000000000e+03 6.680846741309361958e-01
1.648000000000000000e+03 6.551910666822217122e-01
1.652000000000000000e+03 6.418537938243159546e-01
1.656000000000000000e+03 6.281166590333345789e-01
1.660000000000000000e+03 6.130849481186514405e-01
1.664000000000000000e+03 5.981869711987470861e-01
1.668000000000000000e+03 5.836041271284633236e-01
1.672000000000000000e+03 5.690500142861468769e-01
1.676000000000000000e+03 5.552405927609587177e-01
1.680000000000000000e+03 5.409598689752467271e-01
1.684000000000000000e+03 5.276464079666105533e-01
1.688000000000000000e+03 5.139449827209719990e-01
1.692000000000000000e+03 5.013963924306205078e-01
1.696000000000000000e+03 4.895879068148378810e-01
1.700000000000000000e+03 4.789186106752738037e-01
1.704000000000000000e+03 4.679375003041235659e-01
1.708000000000000000e+03 4.579568214915951119e-01
1.712000000000000000e+03 4.493932560558782652e-01
1.716000000000000000e+03 4.408050734590517328e-01
1.720000000000000000e+03 4.326057489035688985e-01
1.724000000000000000e+03 4.263935608958030477e-01
1.728000000000000000e+03 4.202716961632674275e-01
1.732000000000000000e+03 4.142598298657390044e-01
1.736000000000000000e+03 4.088596510442800147e-01
1.740000000000000000e+03 4.051752047200300466e-01
1.744000000000000000e+03 4.008854152762219569e-01
1.748000000000000000e+03 3.980018277228322687e-01
1.752000000000000000e+03 3.956057071968059335e-01
1.756000000000000000e+03 3.938977035839344998e-01
1.760000000000000000e+03 3.926019570144597126e-01
1.764000000000000000e+03 3.925416580833295255e-01
1.768000000000000000e+03 3.914297106829938699e-01
1.772000000000000000e+03 3.918776932745827168e-01
1.776000000000000000e+03 3.934875071230800603e-01
1.780000000000000000e+03 3.943774167754371951e-01
1.784000000000000000e+03 3.965323570734465286e-01
1.788000000000000000e+03 3.989568664588525881e-01
1.792000000000000000e+03 4.020012793372874094e-01
1.796000000000000000e+03 4.060844610266721721e-01
1.800000000000000000e+03 4.103290374320649470e-01
1.804000000000000000e+03 4.146208012003738119e-01
1.808000000000000000e+03 4.195045893957556338e-01
1.812000000000000000e+03 4.249227115373724883e-01
1.816000000000000000e+03 4.314908956509688753e-01
1.820000000000000000e+03 4.383330300020932269e-01
1.824000000000000000e+03 4.456246283978919642e-01
1.828000000000000000e+03 4.533715311766433054e-01
1.832000000000000000e+03 4.609720990872693269e-01
1.836000000000000000e+03 4.693067768947980500e-01
1.840000000000000000e+03 4.789391864274160082e-01
1.844000000000000000e+03 4.887534672057227136e-01
1.848000000000000000e+03 4.985345545175977611e-01
1.852000000000000000e+03 5.089869828846083077e-01
1.856000000000000000e+03 5.199733652824697350e-01
1.860000000000000000e+03 5.312211960369908059e-01
1.864000000000000000e+03 5.423260702299453895e-01
1.868000000000000000e+03 5.538770049774025539e-01
1.872000000000000000e+03 5.667299654615741700e-01
1.876000000000000000e+03 5.784566199889211724e-01
1.880000000000000000e+03 5.913416515455489630e-01
1.884000000000000000e+03 6.036368225689122680e-01
1.888000000000000000e+03 6.157776329155649764e-01
1.892000000000000000e+03 6.288404305939834238e-01
1.896000000000000000e+03 6.408998815962116957e-01
1.900000000000000000e+03 6.533739916497600664e-01
1.904000000000000000e+03 6.656114249149784889e-01
1.908000000000000000e+03 6.776588035136057453e-01
1.912000000000000000e+03 6.893539455257199355e-01
1.916000000000000000e+03 7.015439981514153267e-01
1.920000000000000000e+03 7.120886114125951627e-01
1.924000000000000000e+03 7.220391752575544553e-01
1.928000000000000000e+03 7.328642498498388891e-01
1.932000000000000000e+03 7.422095787084352914e-01
1.936000000000000000e+03 7.509008853446170750e-01
1.940000000000000000e+03 7.584396634688047589e-01
1.944000000000000000e+03 7.658055355238393425e-01
1.948000000000000000e+03 7.728274518483047029e-01
1.952000000000000000e+03 7.788442359027867301e-01
1.956000000000000000e+03 7.834773794042002582e-01
1.960000000000000000e+03 7.882811087233636549e-01
1.964000000000000000e+03 7.912389980477737561e-01
1.968000000000000000e+03 7.949808610397269826e-01
1.972000000000000000e+03 7.968946453006319208e-01
1.976000000000000000e+03 7.973975850825378853e-01
1.980000000000000000e+03 7.977779748558543327e-01
1.984000000000000000e+03 7.975170226050944944e-01
1.988000000000000000e+03 7.958969645421736239e-01
1.992000000000000000e+03 7.943567731776355334e-01
1.996000000000000000e+03 7.913789767026433442e-01
2.000000000000000000e+03 7.877049482982726447e-01
2.004000000000000000e+03 7.836283957780466602e-01
2.008000000000000000e+03 7.785311223034443451e-01
2.012000000000000000e+03 7.730481586651765102e-01
2.016000000000000000e+03 7.668300998586876638e-01
2.020000000000000000e+03 7.592900139633470546e-01
2.024000000000000000e+03 7.521025162351648863e-01
2.028000000000000000e+03 7.440655177243844509e-01
2.032000000000000000e+03 7.351124776865235466e-01
2.036000000000000000e+03 7.259122751552893327e-01
2.040000000000000000e+03 7.168733570471682581e-01
2.044000000000000000e+03 7.074381815218588887e-01
2.048000000000000000e+03 6.966073129817516030e-01
2.052000000000000000e+03 6.866275418561623711e-01
2.056000000000000000e+03 6.761152410166119120e-01
2.060000000000000000e+03 6.649655443722285453e-01
2.064000000000000000e+03 6.541906899249595453e-01
2.068000000000000000e+03 6.434180292246298727e-01
2.072000000000000000e+03 6.326123263513373507e-01
2.076000000000000000e+03 6.223206911211602854e-01
2.080000000000000000e+03 6.116366373086198349e-01
2.084000000000000000e+03 6.006897916365659951e-01
2.088000000000000000e+03 5.904720532591889448e-01
2.092000000000000000e+03 5.806480432397500557e-01
2.096000000000000000e+03 5.702303621437885273e-01
2.100000000000000000e+03 5.603002929149007993e-01
2.104000000000000000e+03 5.510178856812512072e-01
2.108000000000000000e+03 5.418749277427438171e-01
2.112000000000000000e+03 5.323196785877980508e-01
2.116000000000000000e+03 5.233290648156995184e-01
2.120000000000000000e+03 5.153301660983333754e-01
2.124000000000000000e+03 5.071926947225677829e-01
2.128000000000000000e+03 4.988084913961304823e-01
2.132000000000000000e+03 4.914650457554974872e-01
2.136000000000000000e+03 4.841554211557980159e-01
2.140000000000000000e+03 4.770292070345680258e-01
2.144000000000000000e+03 4.711298859002119865e-01
2.148000000000000000e+03 4.641392465864617178e-01
2.152000000000000000e+03 4.585417003258232538e-01
2.156000000000000000e+03 4.521768435472639514e-01
2.160000000000000000e+03 4.468829676998871681e-01
2.164000000000000000e+03 4.416571984872582068e-01
2.168000000000000000e+03 4.370814611725762910e-01
2.172000000000000000e+03 4.323457530555083750e-01
2.176000000000000000e+03 4.282736821193658949e-01
2.180000000000000000e+03 4.248393323665202170e-01
2.184000000000000000e+03 4.202949297984937549e-01
2.188000000000000000e+03 4.169835326362230643e-01
2.192000000000000000e+03 4.136989280511000344e-01
2.196000000000000000e+03 4.110806314399714223e-01
