6.000000000000000000e+02 5.828423756019215224e-03
6.040000000000000000e+02 7.550791763913248904e-03
6.080000000000000000e+02 9.087197563235881528e-03
6.120000000000000000e+02 1.101352552905457589e-02
6.160000000000000000e+02 1.339150881671669589e-02
6.200000000000000000e+02 1.494604073751057936e-02
6.240000000000000000e+02 1.857362291971039955e-02
6.280000000000000000e+02 2.109500202299664090e-02
6.320000000000000000e+02 2.477680163459627938e-02
6.360000000000000000e+02 2.825640109119737994e-02
6.400000000000000000e+02 3.228690421953561013e-02
6.440000000000000000e+02 3.608318400918834185e-02
6.480000000000000000e+02 4.075347248112199533e-02
6.520000000000000000e+02 4.539059875422025991e-02
6.560000000000000000e+02 5.051645268746712825e-02
6.600000000000000000e+02 5.636916387183672772e-02
6.640000000000000000e+02 6.199089649593943901e-02
6.680000000000000000e+02 6.815393939978484084e-02
6.720000000000000000e+02 7.478107040561028651e-02
6.760000000000000000e+02 8.087838941009813098e-02
6.800000000000000000e+02 8.660252400631163194e-02
6.840000000000000000e+02 9.369399254248322872e-02
6.880000000000000000e+02 9.938778344452399438e-02
6.920000000000000000e+02 1.070816104181461503e-01
6.960000000000000000e+02 1.135755904973082958e-01
7.000000000000000000e+02 1.212736153207393808e-01
7.040000000000000000e+02 1.295567758143674197e-01
7.080000000000000000e+02 1.375608664074758902e-01
7.120000000000000000e+02 1.462024387039096152e-01
7.160000000000000000e+02 1.535595496348840794e-01
7.200000000000000000e+02 1.611551242836562481e-01
7.240000000000000000e+02 1.682807310475058493e-01
7.280000000000000000e+02 1.749490867568906094e-01
7.320000000000000000e+02 1.815785152791597745e-01
7.360000000000000000e+02 1.867013366574061806e-01
7.400000000000000000e+02 1.926920118273990068e-01
7.440000000000000000e+02 1.989487564880060844e-01
7.480000000000000000e+02 2.066810109214869406e-01
7.520000000000000000e+02 2.152605768605950487e-01
7.560000000000000000e+02 2.253377572966081266e-01
7.600000000000000000e+02 2.352782840666527431e-01
7.640000000000000000e+02 2.459723516424798251e-01
7.680000000000000000e+02 2.556719844746072612e-01
7.720000000000000000e+02 2.653586264921644622e-01
7.760000000000000000e+02 2.728972029751025596e-01
7.800000000000000000e+02 2.800237361852109808e-01
7.840000000000000000e+02 2.854849381102646522e-01
7.880000000000000000e+02 2.888066587000951424e-01
7.920000000000000000e+02 2.911018186724745882e-01
7.960000000000000000e+02 2.924538753788615830e-01
8.000000000000000000e+02 2.925016364616986886e-01
8.040000000000000000e+02 2.943738424169190515e-01
8.080000000000000000e+02 2.962760651719156813e-01
8.120000000000000000e+02 3.022144905090076161e-01
8.160000000000000000e+02 3.093259870503214937e-01
8.200000000000000000e+02 3.201231406446172767e-01
8.240000000000000000e+02 3.324394488200339559e-01
8.280000000000000000e+02 3.456604302937574813e-01
8.320000000000000000e+02 3.589182566835129595e-01
8.360000000000000000e+02 3.710747002119120785e-01
8.400000000000000000e+02 3.826738832875242191e-01
8.440000000000000000e+02 3.915906077721441614e-01
8.480000000000000000e+02 3.999231898878531921e-01
8.520000000000000000e+02 4.049005707583672731e-01
8.560000000000000000e+02 4.088392145665764588e-01
8.600000000000000000e+02 4.095933881712137681e-01
8.640000000000000000e+02 4.078031030114889210e-01
8.680000000000000000e+02 4.038086434734733388e-01
8.720000000000000000e+02 3.983579228431614605e-01
8.760000000000000000e+02 3.920052755790974230e-01
8.800000000000000000e+02 3.861801007517533524e-01
8.840000000000000000e+02 3.811645169905053532e-01
8.880000000000000000e+02 3.781245853457270156e-01
8.920000000000000000e+02 3.793498252369083001e-01
8.960000000000000000e+02 3.838403594134239261e-01
9.000000000000000000e+02 3.918132736979746955e-01
9.040000000000000000e+02 4.033655685656792333e-01
9.080000000000000000e+02 4.169460646717839114e-01
9.120000000000000000e+02 4.323007254951878875e-01
9.160000000000000000e+02 4.481573709880805056e-01
9.200000000000000000e+02 4.642364669355384943e-01
9.240000000000000000e+02 4.802120556314781186e-01
9.280000000000000000e+02 4.932682525682857699e-01
9.320000000000000000e+02 5.047344583870766455e-01
9.360000000000000000e+02 5.139946335593864601e-01
9.400000000000000000e+02 5.215715143383338193e-01
9.440000000000000000e+02 5.251416261217450865e-01
9.480000000000000000e+02 5.274001289185866748e-01
9.520000000000000000e+02 5.261276428307996023e-01
9.560000000000000000e+02 5.221519319070206944e-01
9.600000000000000000e+02 5.156981894998647897e-01
9.640000000000000000e+02 5.065746468129447289e-01
9.680000000000000000e+02 4.965569392144881800e-01
9.720000000000000000e+02 4.842743182200959229e-01
9.760000000000000000e+02 4.713389825951238565e-01
9.800000000000000000e+02 4.597394978686424327e-01
9.840000000000000000e+02 4.492180606638954132e-01
9.880000000000000000e+02 4.417716614336994474e-01
9.920000000000000000e+02 4.357058509816622016e-01
9.960000000000000000e+02 4.339665682257018986e-01
1.000000000000000000e+03 4.349703942306494264e-01
1.004000000000000000e+03 4.392991594865132132e-01
1.008000000000000000e+03 4.469437608345774304e-01
1.012000000000000000e+03 4.571938323076834565e-01
1.016000000000000000e+03 4.703113480055282070e-01
1.020000000000000000e+03 4.861983477463381331e-01
1.024000000000000000e+03 5.026759613577895802e-01
1.028000000000000000e+03 5.202603725550206670e-01
1.032000000000000000e+03 5.381840077775960074e-01
1.036000000000000000e+03 5.562821277342099302e-01
1.040000000000000000e+03 5.727067620189955077e-01
1.044000000000000000e+03 5.872470407118138835e-01
1.048000000000000000e+03 6.005301985162123657e-01
1.052000000000000000e+03 6.114697518898674078e-01
1.056000000000000000e+03 6.194034732176882940e-01
1.060000000000000000e+03 6.261527509989093243e-01
1.064000000000000000e+03 6.288501471275919075e-01
1.068000000000000000e+03 6.302530223832790712e-01
1.072000000000000000e+03 6.284912793854423585e-01
1.076000000000000000e+03 6.248295319010773730e-01
1.080000000000000000e+03 6.181957046100676756e-01
1.084000000000000000e+03 6.092655260590011945e-01
1.088000000000000000e+03 5.979400387244689918e-01
1.092000000000000000e+03 5.851429994033832127e-01
1.096000000000000000e+03 5.709952294602361755e-01
1.100000000000000000e+03 5.563361660857659707e-01
1.104000000000000000e+03 5.406875537132238563e-01
1.108000000000000000e+03 5.258366246137858857e-01
1.112000000000000000e+03 5.116115481865844972e-01
1.116000000000000000e+03 4.990513585412313380e-01
1.120000000000000000e+03 4.876361172827630153e-01
1.124000000000000000e+03 4.786577201685623395e-01
1.128000000000000000e+03 4.720603785938290997e-01
1.132000000000000000e+03 4.675659159547614352e-01
1.136000000000000000e+03 4.656355087088651645e-01
1.140000000000000000e+03 4.651575200790427633e-01
1.144000000000000000e+03 4.678999216659227023e-01
1.148000000000000000e+03 4.729314279163296941e-01
1.152000000000000000e+03 4.793573550392936644e-01
1.156000000000000000e+03 4.881264608381373216e-01
1.160000000000000000e+03 4.996053628177798411e-01
1.164000000000000000e+03 5.117835693660177654e-01
1.168000000000000000e+03 5.264780552455424756e-01
1.172000000000000000e+03 5.417060548427716782e-01
1.176000000000000000e+03 5.589619611980609637e-01
1.180000000000000000e+03 5.758092625882667015e-01
1.184000000000000000e+03 5.933314622617302803e-01
1.188000000000000000e+03 6.098328057533258795e-01
1.192000000000000000e+03 6.264813892598998235e-01
1.196000000000000000e+03 6.428909031707399357e-01
1.200000000000000000e+03 6.574536769614450771e-01
1.204000000000000000e+03 6.712491255923387357e-01
1.208000000000000000e+03 6.831810104698095021e-01
1.212000000000000000e+03 6.932520711072176489e-01
1.216000000000000000e+03 7.009206018197905452e-01
1.220000000000000000e+03 7.078761967435875935e-01
1.224000000000000000e+03 7.118438712573988969e-01
1.228000000000000000e+03 7.140401217453714589e-01
1.232000000000000000e+03 7.136299692667933403e-01
1.236000000000000000e+03 7.120558715398164207e-01
1.240000000000000000e+03 7.076319312558159158e-01
1.244000000000000000e+03 7.017756443739190386e-01
1.248000000000000000e+03 6.945482375085793025e-01
1.252000000000000000e+03 6.844786525148038869e-01
1.256000000000000000e+03 6.740765252667133556e-01
1.260000000000000000e+03 6.617643127931709390e-01
1.264000000000000000e+03 6.475037388692723717e-01
1.268000000000000000e+03 6.331466267406731241e-01
1.272000000000000000e+03 6.192248807213305284e-01
1.276000000000000000e+03 6.036424885054110234e-01
1.280000000000000000e+03 5.886138970994209130e-01
1.284000000000000000e+03 5.737737469231622978e-01
1.288000000000000000e+03 5.596506260048357273e-01
1.292000000000000000e+03 5.468593955359851710e-01
1.296000000000000000e+03 5.344378201189533550e-01
1.300000000000000000e+03 5.237126053154016470e-01
1.304000000000000000e+03 5.132012948620257031e-01
1.308000000000000000e+03 5.050293449684827296e-01
1.312000000000000000e+03 4.971307653587273556e-01
1.316000000000000000e+03 4.910802986549691052e-01
1.320000000000000000e+03 4.872064447265722076e-01
1.324000000000000000e+03 4.838810775929888730e-01
1.328000000000000000e+03 4.816521472496628209e-01
1.332000000000000000e+03 4.814259986847569950e-01
1.336000000000000000e+03 4.820875334053864592e-01
1.340000000000000000e+03 4.834304430291591070e-01
1.344000000000000000e+03 4.869036445556410575e-01
1.348000000000000000e+03 4.915691397140096730e-01
1.352000000000000000e+03 4.972745399139026912e-01
1.356000000000000000e+03 5.041345211876255838e-01
1.360000000000000000e+03 5.128332069726158071e-01
1.364000000000000000e+03 5.214331126729683241e-01
1.368000000000000000e+03 5.313819426399470913e-01
1.372000000000000000e+03 5.431109515784244834e-01
1.376000000000000000e+03 5.552204281749117953e-01
1.380000000000000000e+03 5.681783874643528964e-01
1.384000000000000000e+03 5.815644387159633055e-01
1.388000000000000000e+03 5.956726207842191201e-01
1.392000000000000000e+03 6.096085546510493502e-01
1.396000000000000000e+03 6.247090693448510423e-01
1.400000000000000000e+03 6.387731924055523036e-01
1.404000000000000000e+03 6.543035117832071146e-01
1.408000000000000000e+03 6.681777582612654642e-01
1.412000000000000000e+03 6.826383959414632496e-01
1.416000000000000000e+03 6.962860762279911020e-01
1.420000000000000000e+03 7.096806533326275312e-01
1.424000000000000000e+03 7.212766397279339881e-01
1.428000000000000000e+03 7.325176390327206022e-01
1.432000000000000000e+03 7.429420864658057289e-01
1.436000000000000000e+03 7.519168825969081427e-01
1.440000000000000000e+03 7.601549600641526183e-01
1.444000000000000000e+03 7.667973872824902504e-01
1.448000000000000000e+03 7.725262366494393129e-01
1.452000000000000000e+03 7.756734146945583053e-01
1.456000000000000000e+03 7.785924544453155516e-01
1.460000000000000000e+03 7.798479589280220559e-01
1.464000000000000000e+03 7.792520014816715079e-01
1.468000000000000000e+03 7.779995533851840062e-01
1.472000000000000000e+03 7.751984378098647488e-01
1.476000000000000000e+03 7.708732138870100226e-01
1.480000000000000000e+03 7.648948252887926014e-01
1.484000000000000000e+03 7.581019374887051354e-01
1.488000000000000000e+03 7.511063946334715080e-01
1.492000000000000000e+03 7.418062750222473856e-01
1.496000000000000000e+03 7.318096619253444679e-01
1.500000000000000000e+03 7.212926139116635493e-01
1.504000000000000000e+03 7.100599331264638714e-01
1.508000000000000000e+03 6.983279788147007672e-01
1.512000000000000000e+03 6.867559020530097369e-01
1.516000000000000000e+03 6.741561863935281451e-01
1.520000000000000000e+03 6.613616334321764656e-01
1.524000000000000000e+03 6.479264061606127001e-01
1.528000000000000000e+03 6.360120355628112732e-01
1.532000000000000000e+03 6.235078696455559344e-01
1.536000000000000000e+03 6.105851466794403049e-01
1.540000000000000000e+03 5.993407570669143647e-01
1.544000000000000000e+03 5.870815051962594566e-01
1.548000000000000000e+03 5.767596560634772329e-01
1.552000000000000000e+03 5.658210403970310720e-01
1.556000000000000000e+03 5.568175665147637732e-01
1.560000000000000000e+03 5.470484666572009713e-01
1.564000000000000000e+03 5.389676747843293869e-01
1.568000000000000000e+03 5.303410545408566712e-01
1.572000000000000000e+03 5.241086603127496080e-01
1.576000000000000000e+03 5.174972235779076168e-01
1.580000000000000000e+03 5.113059571873510567e-01
1.584000000000000000e+03 5.058177142753186306e-01
1.588000000000000000e+03 5.013276176736739531e-01
1.592000000000000000e+03 4.980096850714210155e-01
1.596000000000000000e+03 4.950199753183893159e-01
1.600000000000000000e+03 4.916221572263428374e-01
1.604000000000000000e+03 4.899504557502783464e-01
1.608000000000000000e+03 4.886640950162171038e-01
1.612000000000000000e+03 4.880990448333680787e-01
1.616000000000000000e+03 4.882086477915885125e-01
1.620000000000000000e+03 4.888753809754954882e-01
1.624000000000000000e+03 4.902310241770343469e-01
1.628000000000000000e+03 4.912607430046690427e-01
1.632000000000000000e+03 4.940902728086999374e-01
1.636000000000000000e+03 4.970034429296996681e-01
1.640000000000000000e+03 4.998581551792040112e-01
1.644000000000000000e+03 5.039950458831911062e-01
1.648000000000000000e+03 5.090984893387309196e-01
1.652000000000000000e+03 5.135475847265701388e-01
1.656000000000000000e+03 5.190617729152698923e-01
1.660000000000000000e+03 5.258681793518256153e-01
1.664000000000000000e+03 5.320771869901256279e-01
1.668000000000000000e+03 5.391862186346966235e-01
1.672000000000000000e+03 5.471758736651429755e-01
1.676000000000000000e+03 5.551364015952205966e-01
1.680000000000000000e+03 5.632996324748434924e-01
1.684000000000000000e+03 5.724725853301485534e-01
1.688000000000000000e+03 5.815640919806110976e-01
1.692000000000000000e+03 5.910429560823071693e-01
1.696000000000000000e+03 6.013110179283582823e-01
1.700000000000000000e+03 6.108017576452047237e-01
1.704000000000000000e+03 6.217456705706516651e-01
1.708000000000000000e+03 6.325867376797151831e-01
1.712000000000000000e+03 6.437529233044411159e-01
1.716000000000000000e+03 6.541348541827847196e-01
1.720000000000000000e+03 6.659294744505226404e-01
1.724000000000000000e+03 6.763219039827204071e-01
1.728000000000000000e+03 6.878563890829046956e-01
1.732000000000000000e+03 6.991129932840463024e-01
1.736000000000000000e+03 7.095341092165474706e-01
1.740000000000000000e+03 7.201071325380764554e-01
1.744000000000000000e+03 7.305728621337298501e-01
1.748000000000000000e+03 7.409188404805728823e-01
1.752000000000000000e+03 7.514886958291154828e-01
1.756000000000000000e+03 7.606045649949865206e-01
1.760000000000000000e+03 7.698641281031883832e-01
1.764000000000000000e+03 7.778622491082465285e-01
1.768000000000000000e+03 7.857746895898390926e-01
1.772000000000000000e+03 7.939763006642042154e-01
1.776000000000000000e+03 8.007167428084183136e-01
1.780000000000000000e+03 8.069247049843523145e-01
1.784000000000000000e+03 8.117817331583201401e-01
1.788000000000000000e+03 8.170702984678824832e-01
1.792000000000000000e+03 8.209166489436473535e-01
1.796000000000000000e+03 8.236913125900567900e-01
1.800000000000000000e+03 8.262920647569915733e-01
1.804000000000000000e+03 8.289970971595276295e-01
1.808000000000000000e+03 8.292359253556219612e-01
1.812000000000000000e+03 8.296779310760558079e-01
1.816000000000000000e+03 8.298121287161119852e-01
1.820000000000000000e+03 8.284347446099175061e-01
1.824000000000000000e+03 8.270979642257882958e-01
1.828000000000000000e+03 8.240454413696852720e-01
1.832000000000000000e+03 8.204615790915935625e-01
1.836000000000000000e+03 8.167488363708529375e-01
1.840000000000000000e+03 8.119843065683561845e-01
1.844000000000000000e+03 8.069376564216658165e-01
1.848000000000000000e+03 8.019819195371457043e-01
1.852000000000000000e+03 7.954172861471989764e-01
1.856000000000000000e+03 7.887588126770871400e-01
1.860000000000000000e+03 7.811737238701699226e-01
1.864000000000000000e+03 7.732423721347280177e-01
1.868000000000000000e+03 7.659881079105503865e-01
1.872000000000000000e+03 7.573060380336874564e-01
1.876000000000000000e+03 7.484158844231068031e-01
1.880000000000000000e+03 7.403565763611215100e-01
1.884000000000000000e+03 7.307478618173283147e-01
1.888000000000000000e+03 7.214755716543843622e-01
1.892000000000000000e+03 7.122415063960453319e-01
1.896000000000000000e+03 7.028838921169104914e-01
1.900000000000000000e+03 6.941425223096783226e-01
1.904000000000000000e+03 6.841964150543048406e-01
1.908000000000000000e+03 6.755699426300607602e-01
1.912000000000000000e+03 6.665046731200376939e-01
1.916000000000000000e+03 6.566486073802039192e-01
1.920000000000000000e+03 6.481230738441327022e-01
1.924000000000000000e+03 6.395292371533004561e-01
1.928000000000000000e+03 6.304750219235644160e-01
1.932000000000000000e+03 6.222401864935168669e-01
1.936000000000000000e+03 6.142784001952563688e-01
1.940000000000000000e+03 6.056208353059722160e-01
1.944000000000000000e+03 5.985579214344137755e-01
1.948000000000000000e+03 5.910456338227059181e-01
1.952000000000000000e+03 5.837964204444767713e-01
1.956000000000000000e+03 5.764740774293161119e-01
1.960000000000000000e+03 5.702044838787517778e-01
1.964000000000000000e+03 5.634264544311398115e-01
1.968000000000000000e+03 5.574463623472649676e-01
1.972000000000000000e+03 5.520144265578528220e-01
1.976000000000000000e+03 5.459156524513988362e-01
1.980000000000000000e+03 5.402218022104570139e-01
1.984000000000000000e+03 5.361842907744220899e-01
1.988000000000000000e+03 5.312109948392741421e-01
1.992000000000000000e+03 5.261685997406265747e-01
1.996000000000000000e+03 5.225110067234662869e-01
2.000000000000000000e+03 5.188597987203871220e-01
2.004000000000000000e+03 5.149030724607006615e-01
2.008000000000000000e+03 5.116732912929017330e-01
2.012000000000000000e+03 5.080343034210120789e-01
2.016000000000000000e+03 5.054181314623835686e-01
2.020000000000000000e+03 5.028913595259947300e-01
2.024000000000000000e+03 5.008050578959349908e-01
2.028000000000000000e+03 4.986572557169058895e-01
2.032000000000000000e+03 4.969399318003116517e-01
2.036000000000000000e+03 4.952892019366011978e-01
2.040000000000000000e+03 4.943051783791255205e-01
2.044000000000000000e+03 4.931565102053912519e-01
2.048000000000000000e+03 4.918609042166887102e-01
2.052000000000000000e+03 4.915385178148862222e-01
2.056000000000000000e+03 4.911264692362949380e-01
2.060000000000000000e+03 4.912265477320031382e-01
2.064000000000000000e+03 4.907459792184573066e-01
2.068000000000000000e+03 4.907143825033670748e-01
2.072000000000000000e+03 4.915514665155058527e-01
2.076000000000000000e+03 4.920178804737140865e-01
2.080000000000000000e+03 4.932704035101832529e-01
2.084000000000000000e+03 4.938896388144453087e-01
2.088000000000000000e+03 4.954029661307426946e-01
2.092000000000000000e+03 4.967917817828627070e-01
2.096000000000000000e+03 4.984020832493216702e-01
2.100000000000000000e+03 5.004425549696992492e-01
2.104000000000000000e+03 5.030696140556444318e-01
2.108000000000000000e+03 5.050494624184113102e-01
2.112000000000000000e+03 5.077375622115734011e-01
2.116000000000000000e+03 5.098015307969651078e-01
2.120000000000000000e+03 5.132665783485341748e-01
2.124000000000000000e+03 5.163001581813817520e-01
2.128000000000000000e+03 5.195140013996688566e-01
2.132000000000000000e+03 5.228548374141150923e-01
2.136000000000000000e+03 5.269411133939201353e-01
2.140000000000000000e+03 5.302609520799010934e-01
2.144000000000000000e+03 5.348909925593987591e-01
2.148000000000000000e+03 5.385407599614037144e-01
2.152000000000000000e+03 5.431338104289893387e-01
2.156000000000000000e+03 5.478682509886375618e-01
2.160000000000000000e+03 5.522990614753000571e-01
2.164000000000000000e+03 5.572607791402232058e-01
2.168000000000000000e+03 5.616224180336168992e-01
2.172000000000000000e+03 5.673266042976068402e-01
2.176000000000000000e+03 5.729887507949897874e-01
2.180000000000000000e+03 5.781367819806755293e-01
2.184000000000000000e+03 5.835026927642890104e-01
2.188000000000000000e+03 5.899695939588631699e-01
2.192000000000000000e+03 5.952683704120838026e-01
2.196000000000000000e+03 6.018356273819989166e-01
