6.000000000000000000e+02 9.921304377315560020e-04
6.040000000000000000e+02 3.969533617094164529e-04
6.080000000000000000e+02 6.840137263604312463e-04
6.120000000000000000e+02 1.289515697994000031e-03
6.160000000000000000e+02 9.050534993598320860e-04
6.200000000000000000e+02 1.767051677576622799e-03
6.240000000000000000e+02 1.967059606916660326e-03
6.280000000000000000e+02 2.502983948611351653e-03
6.320000000000000000e+02 3.559273755921220968e-03
6.360000000000000000e+02 4.592072768790670875e-03
6.400000000000000000e+02 5.143533104570499441e-03
6.440000000000000000e+02 6.797118732119278826e-03
6.480000000000000000e+02 7.945614206265572479e-03
6.520000000000000000e+02 1.000009900245929680e-02
6.560000000000000000e+02 1.180734187665523696e-02
6.600000000000000000e+02 1.408474179606452811e-02
6.640000000000000000e+02 1.627106058486343237e-02
6.680000000000000000e+02 1.954219336831630044e-02
6.720000000000000000e+02 2.302292873092336850e-02
6.760000000000000000e+02 2.629338137887072060e-02
6.800000000000000000e+02 2.986519927596189769e-02
6.840000000000000000e+02 3.262036022324170392e-02
6.880000000000000000e+02 3.603246189152248952e-02
6.920000000000000000e+02 4.030593803225295674e-02
6.960000000000000000e+02 4.668301736175470285e-02
7.000000000000000000e+02 5.267785141270394517e-02
7.040000000000000000e+02 5.960302368413282481e-02
7.080000000000000000e+02 6.486470419676344801e-02
7.120000000000000000e+02 6.871048666446560871e-02
7.160000000000000000e+02 7.114341501860248218e-02
7.200000000000000000e+02 7.485024074948207207e-02
7.240000000000000000e+02 7.990906662172428399e-02
7.280000000000000000e+02 8.790709388727011020e-02
7.320000000000000000e+02 9.797575700760216555e-02
7.360000000000000000e+02 1.113685726747344062e-01
7.400000000000000000e+02 1.230153520869955858e-01
7.440000000000000000e+02 1.306608466560005566e-01
7.480000000000000000e+02 1.329754152530667477e-01
7.520000000000000000e+02 1.318154770341930238e-01
7.560000000000000000e+02 1.291997758068827162e-01
7.600000000000000000e+02 1.300710312514733458e-01
7.640000000000000000e+02 1.345237182003920506e-01
7.680000000000000000e+02 1.451968122195315125e-01
7.720000000000000000e+02 1.611217931545345927e-01
7.760000000000000000e+02 1.803165740569713793e-01
7.800000000000000000e+02 2.021323093330426590e-01
7.840000000000000000e+02 2.198246968695910519e-01
7.880000000000000000e+02 2.275931988878898415e-01
7.920000000000000000e+02 2.248936096581674871e-01
7.960000000000000000e+02 2.161068853330773420e-01
8.000000000000000000e+02 2.046749751818273955e-01
8.040000000000000000e+02 1.953573134066578509e-01
8.080000000000000000e+02 1.925099124669489570e-01
8.120000000000000000e+02 1.958284263160366689e-01
8.160000000000000000e+02 2.060854807730494731e-01
8.200000000000000000e+02 2.239281853542703093e-01
8.240000000000000000e+02 2.487437472680904538e-01
8.280000000000000000e+02 2.796700229670666671e-01
8.320000000000000000e+02 3.121033574225889895e-01
8.360000000000000000e+02 3.382454594285919658e-01
8.400000000000000000e+02 3.502411573086703922e-01
8.440000000000000000e+02 3.457945278835922731e-01
8.480000000000000000e+02 3.279099077812225316e-01
8.520000000000000000e+02 3.045905890831787644e-01
8.560000000000000000e+02 2.827317409061697595e-01
8.600000000000000000e+02 2.659154868048778653e-01
8.640000000000000000e+02 2.548226343612106648e-01
8.680000000000000000e+02 2.515349025333147304e-01
8.720000000000000000e+02 2.556008961310404226e-01
8.760000000000000000e+02 2.669720551947827314e-01
8.800000000000000000e+02 2.866521407590709725e-01
8.840000000000000000e+02 3.142041179996643563e-01
8.880000000000000000e+02 3.496317556022872641e-01
8.920000000000000000e+02 3.906738954077501047e-01
8.960000000000000000e+02 4.316347486675828904e-01
9.000000000000000000e+02 4.640170469260643249e-01
9.040000000000000000e+02 4.814554843608015999e-01
9.080000000000000000e+02 4.785780950969041880e-01
9.120000000000000000e+02 4.586224360553093904e-01
9.160000000000000000e+02 4.278591921064648362e-01
9.200000000000000000e+02 3.943484789990769346e-01
9.240000000000000000e+02 3.632192845029135753e-01
9.280000000000000000e+02 3.378518724743574397e-01
9.320000000000000000e+02 3.189901338596141667e-01
9.360000000000000000e+02 3.063604222902324148e-01
9.400000000000000000e+02 3.017692159003568797e-01
9.440000000000000000e+02 3.027364628877124986e-01
9.480000000000000000e+02 3.114861962788856853e-01
9.520000000000000000e+02 3.255646350705837522e-01
9.560000000000000000e+02 3.478438551215858876e-01
9.600000000000000000e+02 3.773785354235698608e-01
9.640000000000000000e+02 4.138408322022320562e-01
9.680000000000000000e+02 4.567130632243474597e-01
9.720000000000000000e+02 5.021758531858675489e-01
9.760000000000000000e+02 5.462585125353671689e-01
9.800000000000000000e+02 5.825566056142567062e-01
9.840000000000000000e+02 6.041995531703748812e-01
9.880000000000000000e+02 6.063020902604244755e-01
9.920000000000000000e+02 5.906298658170511251e-01
9.960000000000000000e+02 5.610171853585849133e-01
1.000000000000000000e+03 5.238572305708241172e-01
1.004000000000000000e+03 4.843389886004930700e-01
1.008000000000000000e+03 4.471507672328917660e-01
1.012000000000000000e+03 4.145782183646543606e-01
1.016000000000000000e+03 3.884824603867043646e-01
1.020000000000000000e+03 3.683428416511443926e-01
1.024000000000000000e+03 3.534432039139387416e-01
1.028000000000000000e+03 3.445108238994610828e-01
1.032000000000000000e+03 3.410921685859978902e-01
1.036000000000000000e+03 3.416814364489516587e-01
1.040000000000000000e+03 3.479482231393342118e-01
1.044000000000000000e+03 3.595230081809319689e-01
1.048000000000000000e+03 3.756981339261417641e-01
1.052000000000000000e+03 3.968617210198469580e-01
1.056000000000000000e+03 4.243710318478743360e-01
1.060000000000000000e+03 4.568874938359964721e-01
1.064000000000000000e+03 4.954037969690050502e-01
1.068000000000000000e+03 5.379293524952686312e-01
1.072000000000000000e+03 5.823336248643237179e-01
1.076000000000000000e+03 6.256338553417524206e-01
1.080000000000000000e+03 6.637149209857702292e-01
1.084000000000000000e+03 6.926509370108512309e-01
1.088000000000000000e+03 7.086063544428959915e-01
1.092000000000000000e+03 7.095604205322798563e-01
1.096000000000000000e+03 6.949915434422748728e-01
1.100000000000000000e+03 6.693870090278215557e-01
1.104000000000000000e+03 6.352056301840408592e-01
1.108000000000000000e+03 5.969863420507937057e-01
1.112000000000000000e+03 5.578702317952689560e-01
1.116000000000000000e+03 5.201473253005675090e-01
1.120000000000000000e+03 4.866393085540823837e-01
1.124000000000000000e+03 4.578585224319122737e-01
1.128000000000000000e+03 4.335427284416730198e-01
1.132000000000000000e+03 4.130027912466277540e-01
1.136000000000000000e+03 3.968239387371052529e-01
1.140000000000000000e+03 3.847520460777931195e-01
1.144000000000000000e+03 3.767540035362111350e-01
1.148000000000000000e+03 3.714918482950110845e-01
1.152000000000000000e+03 3.708984242363412287e-01
1.156000000000000000e+03 3.724048395983891035e-01
1.160000000000000000e+03 3.778087444935738781e-01
1.164000000000000000e+03 3.867128334455324778e-01
1.168000000000000000e+03 3.984483739685564241e-01
1.172000000000000000e+03 4.132725496421714162e-01
1.176000000000000000e+03 4.325208561684565356e-01
1.180000000000000000e+03 4.553540134939547124e-01
1.184000000000000000e+03 4.815768812805751864e-01
1.188000000000000000e+03 5.112014053889170073e-01
1.192000000000000000e+03 5.453043736238655237e-01
1.196000000000000000e+03 5.808184777439564517e-01
1.200000000000000000e+03 6.195350054964450237e-01
1.204000000000000000e+03 6.581376284425162204e-01
1.208000000000000000e+03 6.948205169302010820e-01
1.212000000000000000e+03 7.290300499150502711e-01
1.216000000000000000e+03 7.567301527696416175e-01
1.220000000000000000e+03 7.759646834620467226e-01
1.224000000000000000e+03 7.868473623361211811e-01
1.228000000000000000e+03 7.862970713177629412e-01
1.232000000000000000e+03 7.756403497539946512e-01
1.236000000000000000e+03 7.569768933753322493e-01
1.240000000000000000e+03 7.313270400061420151e-01
1.244000000000000000e+03 6.997336503983133671e-01
1.248000000000000000e+03 6.664183436249245807e-01
1.252000000000000000e+03 6.321529092969115915e-01
1.256000000000000000e+03 5.990165236635046631e-01
1.260000000000000000e+03 5.676745785319039506e-01
1.264000000000000000e+03 5.376364787670302459e-01
1.268000000000000000e+03 5.115766303178876928e-01
1.272000000000000000e+03 4.876836046117600798e-01
1.276000000000000000e+03 4.671166821852349993e-01
1.280000000000000000e+03 4.493054429471792788e-01
1.284000000000000000e+03 4.337329051310435668e-01
1.288000000000000000e+03 4.209048188204592145e-01
1.292000000000000000e+03 4.117278385300144894e-01
1.296000000000000000e+03 4.031040250858358154e-01
1.300000000000000000e+03 3.975506533443267099e-01
1.304000000000000000e+03 3.944384606703170704e-01
1.308000000000000000e+03 3.927204689710713792e-01
1.312000000000000000e+03 3.935575660674242027e-01
1.316000000000000000e+03 3.961186534966322781e-01
1.320000000000000000e+03 4.000696134067991960e-01
1.324000000000000000e+03 4.062037092335900046e-01
1.328000000000000000e+03 4.148987342669062106e-01
1.332000000000000000e+03 4.250303170073289061e-01
1.336000000000000000e+03 4.369963439970536712e-01
1.340000000000000000e+03 4.506337429169286479e-01
1.344000000000000000e+03 4.673573356515907662e-01
1.348000000000000000e+03 4.861113141480269406e-01
1.352000000000000000e+03 5.069022590276630602e-01
1.356000000000000000e+03 5.298955798202085177e-01
1.360000000000000000e+03 5.542508450759469074e-01
1.364000000000000000e+03 5.809645839250935362e-01
1.368000000000000000e+03 6.100145642961728454e-01
1.372000000000000000e+03 6.388367981453513256e-01
1.376000000000000000e+03 6.697475646496602320e-01
1.380000000000000000e+03 7.000479553938641075e-01
1.384000000000000000e+03 7.301705280561759936e-01
1.388000000000000000e+03 7.576449833333256390e-01
1.392000000000000000e+03 7.831424233598620610e-01
1.396000000000000000e+03 8.048611833966817786e-01
1.400000000000000000e+03 8.215979556046782983e-01
1.404000000000000000e+03 8.332634236393346994e-01
1.408000000000000000e+03 8.398273437026820831e-01
1.412000000000000000e+03 8.390022689674313527e-01
1.416000000000000000e+03 8.326672933773686669e-01
1.420000000000000000e+03 8.212291018664792386e-01
1.424000000000000000e+03 8.053696985908295192e-01
1.428000000000000000e+03 7.853381286821694562e-01
1.432000000000000000e+03 7.620911309642187659e-01
1.436000000000000000e+03 7.364042492049086563e-01
1.440000000000000000e+03 7.098326056409255402e-01
1.444000000000000000e+03 6.832449248364196315e-01
1.448000000000000000e+03 6.564713317759731659e-01
1.452000000000000000e+03 6.302956172200011586e-01
1.456000000000000000e+03 6.060381689232989810e-01
1.460000000000000000e+03 5.820830584884041370e-01
1.464000000000000000e+03 5.600678593692440810e-01
1.468000000000000000e+03 5.400792704974151093e-01
1.472000000000000000e+03 5.211213318341079148e-01
1.476000000000000000e+03 5.035208308160017410e-01
1.480000000000000000e+03 4.886916824886260446e-01
1.484000000000000000e+03 4.747883500805405443e-01
1.488000000000000000e+03 4.625566245072740279e-01
1.492000000000000000e+03 4.510083269437533127e-01
1.496000000000000000e+03 4.418049329211113374e-01
1.500000000000000000e+03 4.332472778130443958e-01
1.504000000000000000e+03 4.270149004801082060e-01
1.508000000000000000e+03 4.212461920958763262e-01
1.512000000000000000e+03 4.166635896116003268e-01
1.516000000000000000e+03 4.133425727619636780e-01
1.520000000000000000e+03 4.106654554109016031e-01
1.524000000000000000e+03 4.096571062490761972e-01
1.528000000000000000e+03 4.090993813036316595e-01
1.532000000000000000e+03 4.101667863199238706e-01
1.536000000000000000e+03 4.120101119740574580e-01
1.540000000000000000e+03 4.147980673589110601e-01
1.544000000000000000e+03 4.188146513455598963e-01
1.548000000000000000e+03 4.236187345805062510e-01
1.552000000000000000e+03 4.292771920289218945e-01
1.556000000000000000e+03 4.360731606179121256e-01
1.560000000000000000e+03 4.436697607028298185e-01
1.564000000000000000e+03 4.519682268978907347e-01
1.568000000000000000e+03 4.621434236586615119e-01
1.572000000000000000e+03 4.734455736309985951e-01
1.576000000000000000e+03 4.857070661961823688e-01
1.580000000000000000e+03 4.986239494034056530e-01
1.584000000000000000e+03 5.125626198014868740e-01
1.588000000000000000e+03 5.279169282062132762e-01
1.592000000000000000e+03 5.439892769949886686e-01
1.596000000000000000e+03 5.623212505562791286e-01
1.600000000000000000e+03 5.799314809709411600e-01
1.604000000000000000e+03 5.998670121170064373e-01
1.608000000000000000e+03 6.197813718709442865e-01
1.612000000000000000e+03 6.404564221093377308e-01
1.616000000000000000e+03 6.624874794664984412e-01
1.620000000000000000e+03 6.844722694845379873e-01
1.624000000000000000e+03 7.065693459954268674e-01
1.628000000000000000e+03 7.284438088572871006e-01
1.632000000000000000e+03 7.500334874620543379e-01
1.636000000000000000e+03 7.709360042820893044e-01
1.640000000000000000e+03 7.905335762264655841e-01
1.644000000000000000e+03 8.084657030661599464e-01
1.648000000000000000e+03 8.259493991957223002e-01
1.652000000000000000e+03 8.400206210108837057e-01
1.656000000000000000e+03 8.522024622426094265e-01
1.660000000000000000e+03 8.622276232807463137e-01
1.664000000000000000e+03 8.689569573197694075e-01
1.668000000000000000e+03 8.724665020473166832e-01
1.672000000000000000e+03 8.732003419191993743e-01
1.676000000000000000e+03 8.707409311938024699e-01
1.680000000000000000e+03 8.661961653779971515e-01
1.684000000000000000e+03 8.585706167440773084e-01
1.688000000000000000e+03 8.479390657908170148e-01
1.692000000000000000e+03 8.354037886150499359e-01
1.696000000000000000e+03 8.215401337970134055e-01
1.700000000000000000e+03 8.054098922989422205e-01
1.704000000000000000e+03 7.882885557633746432e-01
1.708000000000000000e+03 7.703626494337743047e-01
1.712000000000000000e+03 7.513966057563785661e-01
1.716000000000000000e+03 7.322167950064565334e-01
1.720000000000000000e+03 7.134190369813651067e-01
1.724000000000000000e+03 6.947108479009423965e-01
1.728000000000000000e+03 6.757448317898024914e-01
1.732000000000000000e+03 6.565904351957629892e-01
1.736000000000000000e+03 6.386666413390421626e-01
1.740000000000000000e+03 6.220381265078962496e-01
1.744000000000000000e+03 6.053103350301789476e-01
1.748000000000000000e+03 5.888830943816140140e-01
1.752000000000000000e+03 5.744287012903512846e-01
1.756000000000000000e+03 5.603269252222961017e-01
1.760000000000000000e+03 5.468438057161612020e-01
1.764000000000000000e+03 5.340937340645518505e-01
1.768000000000000000e+03 5.219178460430928812e-01
1.772000000000000000e+03 5.111792864895856603e-01
1.776000000000000000e+03 5.004026206350733474e-01
1.780000000000000000e+03 4.912365722157424064e-01
1.784000000000000000e+03 4.819769599013103978e-01
1.788000000000000000e+03 4.739572656414529628e-01
1.792000000000000000e+03 4.659327996118938775e-01
1.796000000000000000e+03 4.589827488576017078e-01
1.800000000000000000e+03 4.526841689686301740e-01
1.804000000000000000e+03 4.477154288088106004e-01
1.808000000000000000e+03 4.428984963583803558e-01
1.812000000000000000e+03 4.376398019352754076e-01
1.816000000000000000e+03 4.342625195185868536e-01
1.820000000000000000e+03 4.303367025634921572e-01
1.824000000000000000e+03 4.280541674046566825e-01
1.828000000000000000e+03 4.260327201926826235e-01
1.832000000000000000e+03 4.235461656919933815e-01
1.836000000000000000e+03 4.223113490058174602e-01
1.840000000000000000e+03 4.212757844596357604e-01
1.844000000000000000e+03 4.216301975493911836e-01
1.848000000000000000e+03 4.213769309848095501e-01
1.852000000000000000e+03 4.219668839348670319e-01
1.856000000000000000e+03 4.229240583375492579e-01
1.860000000000000000e+03 4.244229708061567630e-01
1.864000000000000000e+03 4.259581100238583051e-01
1.868000000000000000e+03 4.288287823507722640e-01
1.872000000000000000e+03 4.311422630831105995e-01
1.876000000000000000e+03 4.347789740625505606e-01
1.880000000000000000e+03 4.380698729769491040e-01
1.884000000000000000e+03 4.421558302668947560e-01
1.888000000000000000e+03 4.469592322898197079e-01
1.892000000000000000e+03 4.515601347253626052e-01
1.896000000000000000e+03 4.568612850791688995e-01
1.900000000000000000e+03 4.628660637271123646e-01
1.904000000000000000e+03 4.692077333950014362e-01
1.908000000000000000e+03 4.761252157054969847e-01
1.912000000000000000e+03 4.830229257603979587e-01
1.916000000000000000e+03 4.908967627546687029e-01
1.920000000000000000e+03 4.990417471789521664e-01
1.924000000000000000e+03 5.074498332671540934e-01
1.928000000000000000e+03 5.169431729807865139e-01
1.932000000000000000e+03 5.256931842325116566e-01
1.936000000000000000e+03 5.358155678671572275e-01
1.940000000000000000e+03 5.468319458928579957e-01
1.944000000000000000e+03 5.573405351177653788e-01
1.948000000000000000e+03 5.691257742589216351e-01
1.952000000000000000e+03 5.809467966837901232e-01
1.956000000000000000e+03 5.925560259293509713e-01
1.960000000000000000e+03 6.058665457742021809e-01
1.964000000000000000e+03 6.181288082178281185e-01
1.968000000000000000e+03 6.322211345048439624e-01
1.972000000000000000e+03 6.458451916335535836e-01
1.976000000000000000e+03 6.597066097286339303e-01
1.980000000000000000e+03 6.737815987906414783e-01
1.984000000000000000e+03 6.877623788227487100e-01
1.988000000000000000e+03 7.020688272604265201e-01
1.992000000000000000e+03 7.169122917114566507e-01
1.996000000000000000e+03 7.311110582121880253e-01
2.000000000000000000e+03 7.457895898818200919e-01
2.004000000000000000e+03 7.592789531726888974e-01
2.008000000000000000e+03 7.739349454410908713e-01
2.012000000000000000e+03 7.876229405878841794e-01
2.016000000000000000e+03 8.002141413227500388e-01
2.020000000000000000e+03 8.133840843125788034e-01
2.024000000000000000e+03 8.254005613172299416e-01
2.028000000000000000e+03 8.363200934615203641e-01
2.032000000000000000e+03 8.470750856167572618e-01
2.036000000000000000e+03 8.561065001866615676e-01
2.040000000000000000e+03 8.653655602144229020e-01
2.044000000000000000e+03 8.725485599029705330e-01
2.048000000000000000e+03 8.791279123222335290e-01
2.052000000000000000e+03 8.845557800765695422e-01
2.056000000000000000e+03 8.891528865244805457e-01
2.060000000000000000e+03 8.915326931488850581e-01
2.064000000000000000e+03 8.931899314177634830e-01
2.068000000000000000e+03 8.938578674733770324e-01
2.072000000000000000e+03 8.936106366491866071e-01
2.076000000000000000e+03 8.915729823328558679e-01
2.080000000000000000e+03 8.878528044567028932e-01
2.084000000000000000e+03 8.835521656585342276e-01
2.088000000000000000e+03 8.786274655479457962e-01
2.092000000000000000e+03 8.716665405519058440e-01
2.096000000000000000e+03 8.640612552309651084e-01
2.100000000000000000e+03 8.563511767942019182e-01
2.104000000000000000e+03 8.470428880009752692e-01
2.108000000000000000e+03 8.373224407304388217e-01
2.112000000000000000e+03 8.275712334892965094e-01
2.116000000000000000e+03 8.168070175818179512e-01
2.120000000000000000e+03 8.057315444215176203e-01
2.124000000000000000e+03 7.936187024466763162e-01
2.128000000000000000e+03 7.824263346621505022e-01
2.132000000000000000e+03 7.702025537147648704e-01
2.136000000000000000e+03 7.582195969577798511e-01
2.140000000000000000e+03 7.460506370643606999e-01
2.144000000000000000e+03 7.336181167238617906e-01
2.148000000000000000e+03 7.208895184316520544e-01
2.152000000000000000e+03 7.091750586654936850e-01
2.156000000000000000e+03 6.973179421960135072e-01
2.160000000000000000e+03 6.855340513423240356e-01
2.164000000000000000e+03 6.739668411348985755e-01
2.168000000000000000e+03 6.620767218325884773e-01
2.172000000000000000e+03 6.511952962013008994e-01
2.176000000000000000e+03 6.395276536105622966e-01
2.180000000000000000e+03 6.288065702634050291e-01
2.184000000000000000e+03 6.185640297507339902e-01
2.188000000000000000e+03 6.087474018252790886e-01
2.192000000000000000e+03 5.987585336964001970e-01
2.196000000000000000e+03 5.891695984351158488e-01
