6.000000000000000000e+02 2.884828915347653177e-05
6.040000000000000000e+02 9.027545773655717986e-05
6.080000000000000000e+02 3.705971780382619652e-05
6.120000000000000000e+02 6.070568909927341519e-04
6.160000000000000000e+02 9.544476840656796488e-05
6.200000000000000000e+02 9.417745160632086995e-04
6.240000000000000000e+02 9.439367110419606178e-05
6.280000000000000000e+02 3.295851046551266563e-04
6.320000000000000000e+02 8.070082820446841665e-04
6.360000000000000000e+02 9.820441771476069726e-04
6.400000000000000000e+02 7.761637635264794161e-04
6.440000000000000000e+02 1.380083407042778654e-03
6.480000000000000000e+02 9.175798410759252333e-04
6.520000000000000000e+02 1.595920758356284474e-03
6.560000000000000000e+02 2.167699473538308753e-03
6.600000000000000000e+02 2.561847586706346609e-03
6.640000000000000000e+02 3.405749569778264516e-03
6.680000000000000000e+02 3.969555410967072484e-03
6.720000000000000000e+02 5.003213804247284499e-03
6.760000000000000000e+02 6.396498380803904496e-03
6.800000000000000000e+02 6.839690270637745553e-03
6.840000000000000000e+02 8.797099908817355637e-03
6.880000000000000000e+02 1.087500178680633582e-02
6.920000000000000000e+02 1.199425120933278119e-02
6.960000000000000000e+02 1.465629032076866747e-02
7.000000000000000000e+02 1.708541111414301622e-02
7.040000000000000000e+02 1.977319137976254679e-02
7.080000000000000000e+02 2.222274469824660204e-02
7.120000000000000000e+02 2.540302635639789947e-02
7.160000000000000000e+02 2.937686009045967911e-02
7.200000000000000000e+02 3.284672332837092895e-02
7.240000000000000000e+02 3.657697971278621452e-02
7.280000000000000000e+02 4.171857108967057248e-02
7.320000000000000000e+02 4.574218870023641359e-02
7.360000000000000000e+02 5.085914310239010583e-02
7.400000000000000000e+02 5.582754130143426780e-02
7.440000000000000000e+02 6.159365298349866319e-02
7.480000000000000000e+02 6.667463490431493889e-02
7.520000000000000000e+02 7.266030488971803036e-02
7.560000000000000000e+02 7.793883126918618731e-02
7.600000000000000000e+02 8.366851299268060482e-02
7.640000000000000000e+02 8.935869851303247791e-02
7.680000000000000000e+02 9.468365482571881875e-02
7.720000000000000000e+02 1.003026661076390075e-01
7.760000000000000000e+02 1.058059437947221348e-01
7.800000000000000000e+02 1.116768367579053373e-01
7.840000000000000000e+02 1.187246164422407907e-01
7.880000000000000000e+02 1.256595558761331999e-01
7.920000000000000000e+02 1.337309702818544888e-01
7.960000000000000000e+02 1.417084128326291936e-01
8.000000000000000000e+02 1.505356790863016381e-01
8.040000000000000000e+02 1.591283511944183160e-01
8.080000000000000000e+02 1.683207518952285209e-01
8.120000000000000000e+02 1.778981046974478786e-01
8.160000000000000000e+02 1.863352058264489686e-01
8.200000000000000000e+02 1.944225067030506682e-01
8.240000000000000000e+02 2.021863565694738407e-01
8.280000000000000000e+02 2.090239580562187338e-01
8.320000000000000000e+02 2.144713749690894677e-01
8.360000000000000000e+02 2.201028271097883460e-01
8.400000000000000000e+02 2.232335111356343604e-01
8.440000000000000000e+02 2.265799270693587275e-01
8.480000000000000000e+02 2.286689705340750056e-01
8.520000000000000000e+02 2.315078551848773480e-01
8.560000000000000000e+02 2.334223388833985557e-01
8.600000000000000000e+02 2.371676279326947745e-01
8.640000000000000000e+02 2.410104625685028923e-01
8.680000000000000000e+02 2.457597716111871999e-01
8.720000000000000000e+02 2.524964603037158084e-01
8.760000000000000000e+02 2.597192143192395553e-01
8.800000000000000000e+02 2.697273862284449431e-01
8.840000000000000000e+02 2.796319382513725582e-01
8.880000000000000000e+02 2.913615816922449087e-01
8.920000000000000000e+02 3.041245653042004560e-01
8.960000000000000000e+02 3.169508712814394502e-01
9.000000000000000000e+02 3.304361189416645250e-01
9.040000000000000000e+02 3.425262942704611624e-01
9.080000000000000000e+02 3.552529964466922263e-01
9.120000000000000000e+02 3.652477703842112455e-01
9.160000000000000000e+02 3.750009990374289504e-01
9.200000000000000000e+02 3.831097816207348350e-01
9.240000000000000000e+02 3.890040668596543294e-01
9.280000000000000000e+02 3.925754541757052185e-01
9.320000000000000000e+02 3.950930443818095883e-01
9.360000000000000000e+02 3.958314860039892080e-01
9.400000000000000000e+02 3.940834559556331551e-01
9.440000000000000000e+02 3.910647887440053538e-01
9.480000000000000000e+02 3.868216907405002125e-01
9.520000000000000000e+02 3.823094070341730433e-01
9.560000000000000000e+02 3.760209189756488213e-01
9.600000000000000000e+02 3.708352887257613251e-01
9.640000000000000000e+02 3.657534231714974493e-01
9.680000000000000000e+02 3.614600133453497732e-01
9.720000000000000000e+02 3.580336713003566262e-01
9.760000000000000000e+02 3.570068744881428890e-01
9.800000000000000000e+02 3.571999049235370371e-01
9.840000000000000000e+02 3.595925033444141161e-01
9.880000000000000000e+02 3.640602518844037738e-01
9.920000000000000000e+02 3.706890816996147309e-01
9.960000000000000000e+02 3.786659438408446210e-01
1.000000000000000000e+03 3.883205087918356613e-01
1.004000000000000000e+03 4.006783763141744115e-01
1.008000000000000000e+03 4.139760950413928775e-01
1.012000000000000000e+03 4.282888843533600443e-01
1.016000000000000000e+03 4.434499740723648054e-01
1.020000000000000000e+03 4.592962810582456590e-01
1.024000000000000000e+03 4.744377511368447764e-01
1.028000000000000000e+03 4.906714358590563152e-01
1.032000000000000000e+03 5.053682403921899713e-01
1.036000000000000000e+03 5.190879056257742263e-01
1.040000000000000000e+03 5.316692753447498365e-01
1.044000000000000000e+03 5.426068535012640304e-01
1.048000000000000000e+03 5.527379166549867273e-01
1.052000000000000000e+03 5.595526001403220429e-01
1.056000000000000000e+03 5.653599715508939028e-01
1.060000000000000000e+03 5.679720481599591642e-01
1.064000000000000000e+03 5.687273753219014294e-01
1.068000000000000000e+03 5.680124448482658517e-01
1.072000000000000000e+03 5.646149529719663995e-01
1.076000000000000000e+03 5.599356073474200945e-01
1.080000000000000000e+03 5.528720025332806154e-01
1.084000000000000000e+03 5.447330603241326008e-01
1.088000000000000000e+03 5.346432059688434046e-01
1.092000000000000000e+03 5.236168716759571629e-01
1.096000000000000000e+03 5.120205696008843788e-01
1.100000000000000000e+03 5.009754251205709163e-01
1.104000000000000000e+03 4.887705294793790456e-01
1.108000000000000000e+03 4.783720358540710094e-01
1.112000000000000000e+03 4.673040891174767286e-01
1.116000000000000000e+03 4.586894903793936051e-01
1.120000000000000000e+03 4.499975154832864810e-01
1.124000000000000000e+03 4.429573780276033212e-01
1.128000000000000000e+03 4.373868969754826641e-01
1.132000000000000000e+03 4.329269734280412063e-01
1.136000000000000000e+03 4.304472188182379977e-01
1.140000000000000000e+03 4.291493168722658735e-01
1.144000000000000000e+03 4.300008943647457005e-01
1.148000000000000000e+03 4.321396389528905368e-01
1.152000000000000000e+03 4.350290686232319848e-01
1.156000000000000000e+03 4.400128992775889647e-01
1.160000000000000000e+03 4.460425085477584539e-01
1.164000000000000000e+03 4.537982198620764684e-01
1.168000000000000000e+03 4.629300118686227039e-01
1.172000000000000000e+03 4.739443916035390725e-01
1.176000000000000000e+03 4.851392024772108735e-01
1.180000000000000000e+03 4.978879891026823379e-01
1.184000000000000000e+03 5.109355204404054662e-01
1.188000000000000000e+03 5.252461049090899614e-01
1.192000000000000000e+03 5.409090492282148110e-01
1.196000000000000000e+03 5.563578471319916563e-01
1.200000000000000000e+03 5.719185442046632595e-01
1.204000000000000000e+03 5.878409619776514550e-01
1.208000000000000000e+03 6.030607234238551939e-01
1.212000000000000000e+03 6.180640188058946771e-01
1.216000000000000000e+03 6.320912136200361742e-01
1.220000000000000000e+03 6.463334635198006994e-01
1.224000000000000000e+03 6.580540462762156650e-01
1.228000000000000000e+03 6.697525628559580779e-01
1.232000000000000000e+03 6.798592128697615866e-01
1.236000000000000000e+03 6.877099729333782108e-01
1.240000000000000000e+03 6.945337524088478487e-01
1.244000000000000000e+03 6.999996828544838845e-01
1.248000000000000000e+03 7.032961537122254247e-01
1.252000000000000000e+03 7.049703858592123451e-01
1.256000000000000000e+03 7.052882879585066211e-01
1.260000000000000000e+03 7.036389774535148911e-01
1.264000000000000000e+03 6.999329410174017774e-01
1.268000000000000000e+03 6.955872579795243649e-01
1.272000000000000000e+03 6.894021921949559095e-01
1.276000000000000000e+03 6.814942715692029473e-01
1.280000000000000000e+03 6.720005966032466249e-01
1.284000000000000000e+03 6.622271723896384632e-01
1.288000000000000000e+03 6.513390900094622182e-01
1.292000000000000000e+03 6.398699251372225172e-01
1.296000000000000000e+03 6.268939282973267080e-01
1.300000000000000000e+03 6.146718001004993770e-01
1.304000000000000000e+03 6.015428547491751265e-01
1.308000000000000000e+03 5.887532451852223181e-01
1.312000000000000000e+03 5.761486492808185478e-01
1.316000000000000000e+03 5.644058972076914094e-01
1.320000000000000000e+03 5.527797110169895278e-01
1.324000000000000000e+03 5.406753017573080466e-01
1.328000000000000000e+03 5.307496362454229288e-01
1.332000000000000000e+03 5.202719997326764600e-01
1.336000000000000000e+03 5.115760177483352766e-01
1.340000000000000000e+03 5.031668735178603802e-01
1.344000000000000000e+03 4.951308353734192869e-01
1.348000000000000000e+03 4.892265385117662846e-01
1.352000000000000000e+03 4.829643309995865219e-01
1.356000000000000000e+03 4.781583637248215113e-01
1.360000000000000000e+03 4.733805350525764899e-01
1.364000000000000000e+03 4.710479382267037107e-01
1.368000000000000000e+03 4.677871220676044772e-01
1.372000000000000000e+03 4.667129032866061400e-01
1.376000000000000000e+03 4.660484893724487487e-01
1.380000000000000000e+03 4.653570884591882173e-01
1.384000000000000000e+03 4.669175759916585622e-01
1.388000000000000000e+03 4.678718417610484015e-01
1.392000000000000000e+03 4.700450564880112592e-01
1.396000000000000000e+03 4.731135434774279558e-01
1.400000000000000000e+03 4.773813305584291844e-01
1.404000000000000000e+03 4.816596283588374661e-01
1.408000000000000000e+03 4.874211433617938738e-01
1.412000000000000000e+03 4.935439503344409284e-01
1.416000000000000000e+03 5.000178595894804179e-01
1.420000000000000000e+03 5.069099199468042327e-01
1.424000000000000000e+03 5.148230119253174308e-01
1.428000000000000000e+03 5.243428423140036321e-01
1.432000000000000000e+03 5.337243580179155122e-01
1.436000000000000000e+03 5.425921613847708436e-01
1.440000000000000000e+03 5.533701274118714153e-01
1.444000000000000000e+03 5.648301645942955806e-01
1.448000000000000000e+03 5.761088266112034395e-01
1.452000000000000000e+03 5.873344445155296301e-01
1.456000000000000000e+03 5.999136710801509231e-01
1.460000000000000000e+03 6.114459481069726143e-01
1.464000000000000000e+03 6.245083024512121384e-01
1.468000000000000000e+03 6.373073741275602222e-01
1.472000000000000000e+03 6.498687927464076308e-01
1.476000000000000000e+03 6.625467501585975416e-01
1.480000000000000000e+03 6.746015147901435194e-01
1.484000000000000000e+03 6.873655714418408502e-01
1.488000000000000000e+03 6.989493348021489361e-01
1.492000000000000000e+03 7.108033788391751040e-01
1.496000000000000000e+03 7.220587233738634536e-01
1.500000000000000000e+03 7.331552623517815226e-01
1.504000000000000000e+03 7.428898234739629292e-01
1.508000000000000000e+03 7.528367507074023024e-01
1.512000000000000000e+03 7.611051331414466770e-01
1.516000000000000000e+03 7.687297112811921629e-01
1.520000000000000000e+03 7.755928592233800600e-01
1.524000000000000000e+03 7.818163603056077493e-01
1.528000000000000000e+03 7.867174476314532372e-01
1.532000000000000000e+03 7.911221890603158391e-01
1.536000000000000000e+03 7.941218650356571818e-01
1.540000000000000000e+03 7.966083510660871836e-01
1.544000000000000000e+03 7.973215141195627575e-01
1.548000000000000000e+03 7.971638411237064181e-01
1.552000000000000000e+03 7.963974877449039314e-01
1.556000000000000000e+03 7.952434187995949255e-01
1.560000000000000000e+03 7.925104459401495216e-01
1.564000000000000000e+03 7.885101429259147032e-01
1.568000000000000000e+03 7.836742998571689656e-01
1.572000000000000000e+03 7.783400918908816024e-01
1.576000000000000000e+03 7.728051427086266578e-01
1.580000000000000000e+03 7.656726399535058736e-01
1.584000000000000000e+03 7.577861271313326430e-01
1.588000000000000000e+03 7.499908659939790168e-01
1.592000000000000000e+03 7.407023978015236931e-01
1.596000000000000000e+03 7.317617838556722543e-01
1.600000000000000000e+03 7.219731586804706280e-01
1.604000000000000000e+03 7.123571811199658210e-01
1.608000000000000000e+03 7.023031550497365050e-01
1.612000000000000000e+03 6.918584201858801741e-01
1.616000000000000000e+03 6.823393182830915782e-01
1.620000000000000000e+03 6.716283152594550998e-01
1.624000000000000000e+03 6.605746487209388507e-01
1.628000000000000000e+03 6.504359108274729850e-01
1.632000000000000000e+03 6.409254649399671599e-01
1.636000000000000000e+03 6.300840330575611103e-01
1.640000000000000000e+03 6.204087283617688575e-01
1.644000000000000000e+03 6.105400210419512641e-01
1.648000000000000000e+03 6.016479178701040764e-01
1.652000000000000000e+03 5.920419977263171596e-01
1.656000000000000000e+03 5.837777990278116835e-01
1.660000000000000000e+03 5.753202666535621734e-01
1.664000000000000000e+03 5.674816399955127100e-01
1.668000000000000000e+03 5.599060474695909395e-01
1.672000000000000000e+03 5.525653129771747052e-01
1.676000000000000000e+03 5.448842866251891737e-01
1.680000000000000000e+03 5.385523161403685810e-01
1.684000000000000000e+03 5.321310823568504711e-01
1.688000000000000000e+03 5.267719168345904590e-01
1.692000000000000000e+03 5.209899149475454294e-01
1.696000000000000000e+03 5.162003489925451882e-01
1.700000000000000000e+03 5.118197573821321456e-01
1.704000000000000000e+03 5.074392682479926808e-01
1.708000000000000000e+03 5.030158188425200017e-01
1.712000000000000000e+03 4.991023011817902755e-01
1.716000000000000000e+03 4.964887568193449563e-01
1.720000000000000000e+03 4.934458067079160459e-01
1.724000000000000000e+03 4.908781501449209772e-01
1.728000000000000000e+03 4.881907612880095892e-01
1.732000000000000000e+03 4.861721665238257217e-01
1.736000000000000000e+03 4.847460253357951943e-01
1.740000000000000000e+03 4.838957041333628029e-01
1.744000000000000000e+03 4.826130363259041323e-01
1.748000000000000000e+03 4.819388146343711599e-01
1.752000000000000000e+03 4.817489615547517201e-01
1.756000000000000000e+03 4.821147640798347234e-01
1.760000000000000000e+03 4.821862447718611722e-01
1.764000000000000000e+03 4.829051529984635938e-01
1.768000000000000000e+03 4.833777471519001279e-01
1.772000000000000000e+03 4.851636624088322414e-01
1.776000000000000000e+03 4.861900795603751324e-01
1.780000000000000000e+03 4.879379094242864978e-01
1.784000000000000000e+03 4.900167834183019600e-01
1.788000000000000000e+03 4.924495013378008546e-01
1.792000000000000000e+03 4.949050097857290997e-01
1.796000000000000000e+03 4.982355737198739254e-01
1.800000000000000000e+03 5.010207736426636194e-01
1.804000000000000000e+03 5.046071048617966071e-01
1.808000000000000000e+03 5.086200389124098109e-01
1.812000000000000000e+03 5.118685363911086306e-01
1.816000000000000000e+03 5.164430272519866527e-01
1.820000000000000000e+03 5.213814008274699763e-01
1.824000000000000000e+03 5.253289373979053156e-01
1.828000000000000000e+03 5.307067822198451301e-01
1.832000000000000000e+03 5.359842107870477212e-01
1.836000000000000000e+03 5.409592961399147804e-01
1.840000000000000000e+03 5.466472321792248401e-01
1.844000000000000000e+03 5.531034246510343477e-01
1.848000000000000000e+03 5.584816097794412793e-01
1.852000000000000000e+03 5.649978435633303819e-01
1.856000000000000000e+03 5.720092245631066552e-01
1.860000000000000000e+03 5.779838349283286103e-01
1.864000000000000000e+03 5.856690844844818500e-01
1.868000000000000000e+03 5.924203857264486173e-01
1.872000000000000000e+03 5.997213111004008335e-01
1.876000000000000000e+03 6.070870422654397469e-01
1.880000000000000000e+03 6.149313517212467994e-01
1.884000000000000000e+03 6.221201277621570824e-01
1.888000000000000000e+03 6.307925417639193011e-01
1.892000000000000000e+03 6.383749552090444146e-01
1.896000000000000000e+03 6.465147660117656070e-01
1.900000000000000000e+03 6.544875447592578555e-01
1.904000000000000000e+03 6.627013185062134992e-01
1.908000000000000000e+03 6.713772129700553704e-01
1.912000000000000000e+03 6.794886161349849019e-01
1.916000000000000000e+03 6.882606094414166487e-01
1.920000000000000000e+03 6.970110852804521917e-01
1.924000000000000000e+03 7.044759740638982803e-01
1.928000000000000000e+03 7.136699207876453510e-01
1.932000000000000000e+03 7.211750925832101089e-01
1.936000000000000000e+03 7.296832667968751185e-01
1.940000000000000000e+03 7.374892121705156622e-01
1.944000000000000000e+03 7.461060433327513230e-01
1.948000000000000000e+03 7.532668544404004241e-01
1.952000000000000000e+03 7.615354445971036501e-01
1.956000000000000000e+03 7.690617023522325901e-01
1.960000000000000000e+03 7.763849733404850628e-01
1.964000000000000000e+03 7.832880740366134908e-01
1.968000000000000000e+03 7.906337574029040915e-01
1.972000000000000000e+03 7.968811393447648994e-01
1.976000000000000000e+03 8.028900693876153127e-01
1.980000000000000000e+03 8.090623678050549161e-01
1.984000000000000000e+03 8.148811286925715658e-01
1.988000000000000000e+03 8.203988852420108779e-01
1.992000000000000000e+03 8.256767209775136562e-01
1.996000000000000000e+03 8.304021591343391240e-01
2.000000000000000000e+03 8.348135222011784373e-01
2.004000000000000000e+03 8.380229656446362974e-01
2.008000000000000000e+03 8.423461573410259140e-01
2.012000000000000000e+03 8.449241809917545920e-01
2.016000000000000000e+03 8.483130998875995088e-01
2.020000000000000000e+03 8.499837312415957635e-01
2.024000000000000000e+03 8.521606489861744960e-01
2.028000000000000000e+03 8.537829023359052583e-01
2.032000000000000000e+03 8.549070602241036765e-01
2.036000000000000000e+03 8.557013036550361607e-01
2.040000000000000000e+03 8.556946728757470755e-01
2.044000000000000000e+03 8.553311431997219216e-01
2.048000000000000000e+03 8.557325737310585989e-01
2.052000000000000000e+03 8.545582142341348053e-01
2.056000000000000000e+03 8.529034636816296144e-01
2.060000000000000000e+03 8.510133744309219539e-01
2.064000000000000000e+03 8.496478029080759553e-01
2.068000000000000000e+03 8.468456999262168328e-01
2.072000000000000000e+03 8.443438716506929120e-01
2.076000000000000000e+03 8.413451991783061912e-01
2.080000000000000000e+03 8.375946156724312086e-01
2.084000000000000000e+03 8.341189218107037950e-01
2.088000000000000000e+03 8.298688805248420897e-01
2.092000000000000000e+03 8.259077589015217935e-01
2.096000000000000000e+03 8.216098593583404108e-01
2.100000000000000000e+03 8.168194735799210182e-01
2.104000000000000000e+03 8.110027547477617338e-01
2.108000000000000000e+03 8.060224244329106114e-01
2.112000000000000000e+03 8.002035840448293857e-01
2.116000000000000000e+03 7.951796535467435811e-01
2.120000000000000000e+03 7.889308233611437293e-01
2.124000000000000000e+03 7.828005450953621214e-01
2.128000000000000000e+03 7.773168428174669353e-01
2.132000000000000000e+03 7.705449334988295762e-01
2.136000000000000000e+03 7.649700717654464022e-01
2.140000000000000000e+03 7.577006831200824299e-01
2.144000000000000000e+03 7.512873874304624167e-01
2.148000000000000000e+03 7.454654950578266659e-01
2.152000000000000000e+03 7.381577936431017450e-01
2.156000000000000000e+03 7.315071708333585887e-01
2.160000000000000000e+03 7.256318376153283456e-01
2.164000000000000000e+03 7.187361138357403201e-01
2.168000000000000000e+03 7.116095150506326350e-01
2.172000000000000000e+03 7.056518411425357629e-01
2.176000000000000000e+03 6.985228354084744851e-01
2.180000000000000000e+03 6.920548959380635745e-01
2.184000000000000000e+03 6.862820501508284377e-01
2.188000000000000000e+03 6.791764843246830274e-01
2.192000000000000000e+03 6.725816790715656301e-01
2.196000000000000000e+03 6.665427932592039584e-01
