6.000000000000000000e+02 4.987532147853503128e-04
6.040000000000000000e+02 1.241633149219095213e-03
6.080000000000000000e+02 1.070829745492111323e-03
6.120000000000000000e+02 1.332446827212740298e-03
6.160000000000000000e+02 1.582870164300254285e-03
6.200000000000000000e+02 2.154702603594594972e-03
6.240000000000000000e+02 2.798119980295848790e-03
6.280000000000000000e+02 3.509467295387035633e-03
6.320000000000000000e+02 4.097780448104566126e-03
6.360000000000000000e+02 4.725965016314470982e-03
6.400000000000000000e+02 5.757498612574282748e-03
6.440000000000000000e+02 7.315892521272702141e-03
6.480000000000000000e+02 8.355149643986934174e-03
6.520000000000000000e+02 1.051061511309708124e-02
6.560000000000000000e+02 1.209578558397159283e-02
6.600000000000000000e+02 1.295446445615227801e-02
6.640000000000000000e+02 1.562767081883891657e-02
6.680000000000000000e+02 1.781953435727854501e-02
6.720000000000000000e+02 1.961778994515807339e-02
6.760000000000000000e+02 2.187712695374723418e-02
6.800000000000000000e+02 2.505268189810594057e-02
6.840000000000000000e+02 2.870928100673447031e-02
6.880000000000000000e+02 3.126742621414576456e-02
6.920000000000000000e+02 3.304350091052815630e-02
6.960000000000000000e+02 3.602411091724497944e-02
7.000000000000000000e+02 4.080354075048434753e-02
7.040000000000000000e+02 4.609367254574559675e-02
7.080000000000000000e+02 5.015035408262907141e-02
7.120000000000000000e+02 5.040889738663791725e-02
7.160000000000000000e+02 5.267779341856058256e-02
7.200000000000000000e+02 5.861759993010487446e-02
7.240000000000000000e+02 6.737645554884096055e-02
7.280000000000000000e+02 7.399980287887281127e-02
7.320000000000000000e+02 7.423250023933528063e-02
7.360000000000000000e+02 7.346554627516629910e-02
7.400000000000000000e+02 7.571025606648687512e-02
7.440000000000000000e+02 8.552706628433072444e-02
7.480000000000000000e+02 9.880326208158758672e-02
7.520000000000000000e+02 1.064704354315074569e-01
7.560000000000000000e+02 1.063033069077261861e-01
7.600000000000000000e+02 1.014245376353403449e-01
7.640000000000000000e+02 9.975544157408509915e-02
7.680000000000000000e+02 1.062751327314263999e-01
7.720000000000000000e+02 1.222643880267865052e-01
7.760000000000000000e+02 1.398659887082344955e-01
7.800000000000000000e+02 1.502666507157262299e-01
7.840000000000000000e+02 1.476517436554893592e-01
7.880000000000000000e+02 1.367892533409980627e-01
7.920000000000000000e+02 1.289304234993146336e-01
7.960000000000000000e+02 1.303280363434367040e-01
8.000000000000000000e+02 1.437574442760232163e-01
8.040000000000000000e+02 1.673246501367062766e-01
8.080000000000000000e+02 1.913862616880571133e-01
8.120000000000000000e+02 2.033225196435949067e-01
8.160000000000000000e+02 1.993303095883165732e-01
8.200000000000000000e+02 1.821263865902624790e-01
8.240000000000000000e+02 1.654960760913173068e-01
8.280000000000000000e+02 1.571815865691169878e-01
8.320000000000000000e+02 1.631068233783073418e-01
8.360000000000000000e+02 1.826624166383130354e-01
8.400000000000000000e+02 2.130547206229820856e-01
8.440000000000000000e+02 2.449923922221959594e-01
8.480000000000000000e+02 2.647829103822492147e-01
8.520000000000000000e+02 2.642063065530635968e-01
8.560000000000000000e+02 2.440631267526912063e-01
8.600000000000000000e+02 2.172554433585851541e-01
8.640000000000000000e+02 1.968534513833009592e-01
8.680000000000000000e+02 1.871853234675407429e-01
8.720000000000000000e+02 1.911844867104808277e-01
8.760000000000000000e+02 2.098593161954995789e-01
8.800000000000000000e+02 2.423259460655866060e-01
8.840000000000000000e+02 2.824301413164364560e-01
8.880000000000000000e+02 3.186217758839572367e-01
8.920000000000000000e+02 3.371779846920122115e-01
8.960000000000000000e+02 3.319388365268036156e-01
9.000000000000000000e+02 3.055153715437123330e-01
9.040000000000000000e+02 2.703702234830203666e-01
9.080000000000000000e+02 2.404099538502555700e-01
9.120000000000000000e+02 2.210527057644096627e-01
9.160000000000000000e+02 2.142815670111697934e-01
9.200000000000000000e+02 2.213768119225961173e-01
9.240000000000000000e+02 2.412885984503255199e-01
9.280000000000000000e+02 2.755934174434586104e-01
9.320000000000000000e+02 3.198068749895787710e-01
9.360000000000000000e+02 3.658947047902173511e-01
9.400000000000000000e+02 4.008301339876454983e-01
9.440000000000000000e+02 4.146518080787767735e-01
9.480000000000000000e+02 4.019075550910948258e-01
9.520000000000000000e+02 3.693728348883772439e-01
9.560000000000000000e+02 3.278073240734642457e-01
9.600000000000000000e+02 2.892353968259995800e-01
9.640000000000000000e+02 2.609854780217072401e-01
9.680000000000000000e+02 2.448044283318270009e-01
9.720000000000000000e+02 2.391267519338226288e-01
9.760000000000000000e+02 2.457287406671649910e-01
9.800000000000000000e+02 2.647042643701123521e-01
9.840000000000000000e+02 2.943515571783352769e-01
9.880000000000000000e+02 3.369405918213584927e-01
9.920000000000000000e+02 3.867531199220400895e-01
9.960000000000000000e+02 4.363525345647130127e-01
1.000000000000000000e+03 4.745816886877264884e-01
1.004000000000000000e+03 4.921996285022656181e-01
1.008000000000000000e+03 4.833271102179367840e-01
1.012000000000000000e+03 4.533466494367699440e-01
1.016000000000000000e+03 4.103405733891708485e-01
1.020000000000000000e+03 3.634813845620177841e-01
1.024000000000000000e+03 3.238373410118901008e-01
1.028000000000000000e+03 2.929225056434555108e-01
1.032000000000000000e+03 2.732055637040257112e-01
1.036000000000000000e+03 2.629627391444732121e-01
1.040000000000000000e+03 2.621539150092314641e-01
1.044000000000000000e+03 2.710205654711460577e-01
1.048000000000000000e+03 2.889086302722856936e-01
1.052000000000000000e+03 3.158648999391943102e-01
1.056000000000000000e+03 3.544786870280222102e-01
1.060000000000000000e+03 4.016526570715343025e-01
1.064000000000000000e+03 4.535223147148744749e-01
1.068000000000000000e+03 5.048312487747150801e-01
1.072000000000000000e+03 5.439864495013596590e-01
1.076000000000000000e+03 5.651094866718640031e-01
1.080000000000000000e+03 5.640790158140689403e-01
1.084000000000000000e+03 5.413330153638741260e-01
1.088000000000000000e+03 5.020039910386184800e-01
1.092000000000000000e+03 4.547876218543442373e-01
1.096000000000000000e+03 4.071909736474240704e-01
1.100000000000000000e+03 3.660821180511356632e-01
1.104000000000000000e+03 3.327047721931825630e-01
1.108000000000000000e+03 3.074376801959002314e-01
1.112000000000000000e+03 2.914160991820214375e-01
1.116000000000000000e+03 2.827915736349348452e-01
1.120000000000000000e+03 2.807427323402006958e-01
1.124000000000000000e+03 2.859199036883232625e-01
1.128000000000000000e+03 2.980223711382405383e-01
1.132000000000000000e+03 3.176376050857514510e-01
1.136000000000000000e+03 3.439989556313098329e-01
1.140000000000000000e+03 3.792339394044574874e-01
1.144000000000000000e+03 4.216875269261041170e-01
1.148000000000000000e+03 4.706907844836881183e-01
1.152000000000000000e+03 5.225923026872743016e-01
1.156000000000000000e+03 5.702473978350623973e-01
1.160000000000000000e+03 6.088001567350672660e-01
1.164000000000000000e+03 6.325327814736666499e-01
1.168000000000000000e+03 6.368304553653963973e-01
1.172000000000000000e+03 6.228895917553288752e-01
1.176000000000000000e+03 5.927671891661518977e-01
1.180000000000000000e+03 5.508686159015339090e-01
1.184000000000000000e+03 5.042967506749819195e-01
1.188000000000000000e+03 4.581595532727717468e-01
1.192000000000000000e+03 4.163212290669408011e-01
1.196000000000000000e+03 3.803534462708551001e-01
1.200000000000000000e+03 3.521771452345154318e-01
1.204000000000000000e+03 3.295623535293766837e-01
1.208000000000000000e+03 3.134418550034628881e-01
1.212000000000000000e+03 3.036267027610077274e-01
1.216000000000000000e+03 2.979792107586809458e-01
1.220000000000000000e+03 2.975457927618594955e-01
1.224000000000000000e+03 3.018471942048291390e-01
1.228000000000000000e+03 3.110458430387063600e-01
1.232000000000000000e+03 3.256259973543039199e-01
1.236000000000000000e+03 3.451490785495106572e-01
1.240000000000000000e+03 3.701233087890046791e-01
1.244000000000000000e+03 4.013957755192330557e-01
1.248000000000000000e+03 4.381548133000530143e-01
1.252000000000000000e+03 4.805659721018033514e-01
1.256000000000000000e+03 5.262596554499310297e-01
1.260000000000000000e+03 5.741009639516484464e-01
1.264000000000000000e+03 6.183456919158607512e-01
1.268000000000000000e+03 6.566210671148413613e-01
1.272000000000000000e+03 6.844456554871631848e-01
1.276000000000000000e+03 6.985990232085225182e-01
1.280000000000000000e+03 6.977185116845454615e-01
1.284000000000000000e+03 6.829555803922321422e-01
1.288000000000000000e+03 6.544893661029315135e-01
1.292000000000000000e+03 6.180937688703732613e-01
1.296000000000000000e+03 5.756011910405336440e-01
1.300000000000000000e+03 5.321790228105608422e-01
1.304000000000000000e+03 4.908785527924754422e-01
1.308000000000000000e+03 4.524958058927107118e-01
1.312000000000000000e+03 4.191753109248809728e-01
1.316000000000000000e+03 3.906089203590965009e-01
1.320000000000000000e+03 3.669073567398887237e-01
1.324000000000000000e+03 3.481797514375003511e-01
1.328000000000000000e+03 3.334157000329825982e-01
1.332000000000000000e+03 3.231437366513875142e-01
1.336000000000000000e+03 3.159805496443153228e-01
1.340000000000000000e+03 3.122376286675746515e-01
1.344000000000000000e+03 3.107963533445778914e-01
1.348000000000000000e+03 3.139327177058287566e-01
1.352000000000000000e+03 3.197878880310138228e-01
1.356000000000000000e+03 3.282439100336250193e-01
1.360000000000000000e+03 3.399750588304882859e-01
1.364000000000000000e+03 3.559094155288701211e-01
1.368000000000000000e+03 3.747568675335505306e-01
1.372000000000000000e+03 3.978770962288331048e-01
1.376000000000000000e+03 4.250909749083729983e-01
1.380000000000000000e+03 4.568667930667184574e-01
1.384000000000000000e+03 4.920998766098005905e-01
1.388000000000000000e+03 5.301112869459021493e-01
1.392000000000000000e+03 5.707069184572378662e-01
1.396000000000000000e+03 6.120638074695965436e-01
1.400000000000000000e+03 6.521353727246839149e-01
1.404000000000000000e+03 6.881881867945677245e-01
1.408000000000000000e+03 7.178831848256129744e-01
1.412000000000000000e+03 7.395872268694579921e-01
1.416000000000000000e+03 7.514287057352614374e-01
1.420000000000000000e+03 7.518662934255938568e-01
1.424000000000000000e+03 7.425082926623639556e-01
1.428000000000000000e+03 7.233488719169474113e-01
1.432000000000000000e+03 6.958215658181211571e-01
1.436000000000000000e+03 6.633204514819107667e-01
1.440000000000000000e+03 6.272878538475876731e-01
1.444000000000000000e+03 5.890955695637480893e-01
1.448000000000000000e+03 5.515084980170911200e-01
1.452000000000000000e+03 5.161569666296557113e-01
1.456000000000000000e+03 4.833475953691839799e-01
1.460000000000000000e+03 4.544038183644725781e-01
1.464000000000000000e+03 4.282643019411641050e-01
1.468000000000000000e+03 4.057408222982920587e-01
1.472000000000000000e+03 3.857937504606120949e-01
1.476000000000000000e+03 3.689722414631321779e-01
1.480000000000000000e+03 3.554712386963946313e-01
1.484000000000000000e+03 3.446702290653908540e-01
1.488000000000000000e+03 3.358129413424650878e-01
1.492000000000000000e+03 3.297208101836426319e-01
1.496000000000000000e+03 3.252413277109878487e-01
1.500000000000000000e+03 3.225546357250938523e-01
1.504000000000000000e+03 3.222059866129975414e-01
1.508000000000000000e+03 3.239692828693752080e-01
1.512000000000000000e+03 3.275291604161242320e-01
1.516000000000000000e+03 3.328647847547618888e-01
1.520000000000000000e+03 3.406279423882564439e-01
1.524000000000000000e+03 3.498044290342594009e-01
1.528000000000000000e+03 3.619710692431252208e-01
1.532000000000000000e+03 3.755287769767555184e-01
1.536000000000000000e+03 3.916243661794793218e-01
1.540000000000000000e+03 4.100396803974001303e-01
1.544000000000000000e+03 4.304169403472974387e-01
1.548000000000000000e+03 4.536031129619345070e-01
1.552000000000000000e+03 4.797518451260324168e-01
1.556000000000000000e+03 5.082516734514198609e-01
1.560000000000000000e+03 5.386947393338175072e-01
1.564000000000000000e+03 5.716716497834174460e-01
1.568000000000000000e+03 6.050399353402321490e-01
1.572000000000000000e+03 6.392084201402559174e-01
1.576000000000000000e+03 6.723505161985920964e-01
1.580000000000000000e+03 7.049768366049624646e-01
1.584000000000000000e+03 7.329678412457429904e-01
1.588000000000000000e+03 7.577778728337418723e-01
1.592000000000000000e+03 7.771886000223923174e-01
1.596000000000000000e+03 7.895986615089085614e-01
1.600000000000000000e+03 7.965579377008445983e-01
1.604000000000000000e+03 7.953467841928659743e-01
1.608000000000000000e+03 7.873541837396118570e-01
1.612000000000000000e+03 7.731715431805331606e-01
1.616000000000000000e+03 7.539642416598593133e-01
1.620000000000000000e+03 7.292986205494480512e-01
1.624000000000000000e+03 7.016139445146791775e-01
1.628000000000000000e+03 6.717127114938560295e-01
1.632000000000000000e+03 6.416279992698460388e-01
1.636000000000000000e+03 6.105061503003110790e-01
1.640000000000000000e+03 5.795520955671656926e-01
1.644000000000000000e+03 5.511292852522896579e-01
1.648000000000000000e+03 5.232915074830867264e-01
1.652000000000000000e+03 4.978461116046649093e-01
1.656000000000000000e+03 4.747526513752842736e-01
1.660000000000000000e+03 4.528949666497950055e-01
1.664000000000000000e+03 4.336426072533160481e-01
1.668000000000000000e+03 4.163545023765623521e-01
1.672000000000000000e+03 4.009446801293019558e-01
1.676000000000000000e+03 3.878805684420181255e-01
1.680000000000000000e+03 3.753694212360034199e-01
1.684000000000000000e+03 3.651255147991771532e-01
1.688000000000000000e+03 3.569426349752902738e-01
1.692000000000000000e+03 3.496746370430092177e-01
1.696000000000000000e+03 3.439344054950371765e-01
1.700000000000000000e+03 3.393579997346845567e-01
1.704000000000000000e+03 3.354258752159657297e-01
1.708000000000000000e+03 3.333568138585541463e-01
1.712000000000000000e+03 3.321968876652018343e-01
1.716000000000000000e+03 3.323330379527198453e-01
1.720000000000000000e+03 3.335158840767747379e-01
1.724000000000000000e+03 3.352381808730916513e-01
1.728000000000000000e+03 3.385281876830562031e-01
1.732000000000000000e+03 3.420782085693326868e-01
1.736000000000000000e+03 3.473617460517018363e-01
1.740000000000000000e+03 3.545272333220156336e-01
1.744000000000000000e+03 3.615083998160124046e-01
1.748000000000000000e+03 3.705349866092514377e-01
1.752000000000000000e+03 3.808483131228653784e-01
1.756000000000000000e+03 3.919805431600051904e-01
1.760000000000000000e+03 4.046098569161461489e-01
1.764000000000000000e+03 4.188742315939549821e-01
1.768000000000000000e+03 4.335295031662098064e-01
1.772000000000000000e+03 4.503825385146569826e-01
1.776000000000000000e+03 4.693078651763516462e-01
1.780000000000000000e+03 4.884672084701470740e-01
1.784000000000000000e+03 5.099517633993367882e-01
1.788000000000000000e+03 5.326272493842296729e-01
1.792000000000000000e+03 5.559101894462915583e-01
1.796000000000000000e+03 5.808263194333337376e-01
1.800000000000000000e+03 6.069255626287517469e-01
1.804000000000000000e+03 6.324709832848953717e-01
1.808000000000000000e+03 6.594408210783799795e-01
1.812000000000000000e+03 6.857259940772202356e-01
1.816000000000000000e+03 7.114339545605848913e-01
1.820000000000000000e+03 7.360080231930410388e-01
1.824000000000000000e+03 7.585873410953350993e-01
1.828000000000000000e+03 7.789291849371764442e-01
1.832000000000000000e+03 7.973711280158697345e-01
1.836000000000000000e+03 8.117261447421147968e-01
1.840000000000000000e+03 8.219920094190977800e-01
1.844000000000000000e+03 8.291490946848597554e-01
1.848000000000000000e+03 8.312043757464520066e-01
1.852000000000000000e+03 8.300860236936491443e-01
1.856000000000000000e+03 8.245992736348083385e-01
1.860000000000000000e+03 8.149830441140898385e-01
1.864000000000000000e+03 8.023861573165227412e-01
1.868000000000000000e+03 7.858362690253121174e-01
1.872000000000000000e+03 7.680679191487602697e-01
1.876000000000000000e+03 7.471974977598000445e-01
1.880000000000000000e+03 7.250802252678986148e-01
1.884000000000000000e+03 7.023455998921793730e-01
1.888000000000000000e+03 6.778522106294802008e-01
1.892000000000000000e+03 6.539227146549015934e-01
1.896000000000000000e+03 6.299261582288931960e-01
1.900000000000000000e+03 6.066928730091443178e-01
1.904000000000000000e+03 5.846182105168363785e-01
1.908000000000000000e+03 5.625989831889470771e-01
1.912000000000000000e+03 5.417490795615049759e-01
1.916000000000000000e+03 5.222239495679100729e-01
1.920000000000000000e+03 5.040889054768836752e-01
1.924000000000000000e+03 4.862354665314777558e-01
1.928000000000000000e+03 4.710141607214277104e-01
1.932000000000000000e+03 4.559165904722630169e-01
1.936000000000000000e+03 4.415900611484481209e-01
1.940000000000000000e+03 4.294265571881242249e-01
1.944000000000000000e+03 4.176300303394788749e-01
1.948000000000000000e+03 4.068748412134643444e-01
1.952000000000000000e+03 3.969968454614099529e-01
1.956000000000000000e+03 3.882622492729274621e-01
1.960000000000000000e+03 3.800474161821968955e-01
1.964000000000000000e+03 3.728082527697314519e-01
1.968000000000000000e+03 3.668637384463576123e-01
1.972000000000000000e+03 3.604943201391409557e-01
1.976000000000000000e+03 3.563985834934598196e-01
1.980000000000000000e+03 3.519802328137860425e-01
1.984000000000000000e+03 3.483309523500916494e-01
1.988000000000000000e+03 3.453176347073924068e-01
1.992000000000000000e+03 3.434214233233071067e-01
1.996000000000000000e+03 3.408321559931347111e-01
2.000000000000000000e+03 3.402412162867515799e-01
2.004000000000000000e+03 3.401007783783906446e-01
2.008000000000000000e+03 3.400497314545086192e-01
2.012000000000000000e+03 3.397779595363999983e-01
2.016000000000000000e+03 3.408584774777281279e-01
2.020000000000000000e+03 3.430086005808286043e-01
2.024000000000000000e+03 3.448938731112621836e-01
2.028000000000000000e+03 3.473960568609064659e-01
2.032000000000000000e+03 3.508796361036091715e-01
2.036000000000000000e+03 3.552403126386994292e-01
2.040000000000000000e+03 3.590672345116935893e-01
2.044000000000000000e+03 3.639525786288042020e-01
2.048000000000000000e+03 3.704474960726695243e-01
2.052000000000000000e+03 3.759959037483543431e-01
2.056000000000000000e+03 3.827109868750441790e-01
2.060000000000000000e+03 3.903255989684172311e-01
2.064000000000000000e+03 3.984752409112370941e-01
2.068000000000000000e+03 4.067076182555434682e-01
2.072000000000000000e+03 4.164951478771028448e-01
2.076000000000000000e+03 4.261021352499702042e-01
2.080000000000000000e+03 4.376854720737625715e-01
2.084000000000000000e+03 4.483405162311401848e-01
2.088000000000000000e+03 4.605493979741986932e-01
2.092000000000000000e+03 4.735287219932915459e-01
2.096000000000000000e+03 4.876694104081104597e-01
2.100000000000000000e+03 5.020372948718928585e-01
2.104000000000000000e+03 5.166630373858993597e-01
2.108000000000000000e+03 5.325343220494465069e-01
2.112000000000000000e+03 5.492678345414028218e-01
2.116000000000000000e+03 5.660429753120449492e-01
2.120000000000000000e+03 5.844830697079693715e-01
2.124000000000000000e+03 6.019987859082472914e-01
2.128000000000000000e+03 6.204607247408258086e-01
2.132000000000000000e+03 6.400881794946657877e-01
2.136000000000000000e+03 6.594442318467500508e-01
2.140000000000000000e+03 6.783298689923893399e-01
2.144000000000000000e+03 6.977122615662934013e-01
2.148000000000000000e+03 7.166492450740421516e-01
2.152000000000000000e+03 7.357094926343946684e-01
2.156000000000000000e+03 7.527952933006946123e-01
2.160000000000000000e+03 7.700817551981392617e-01
2.164000000000000000e+03 7.863841099045332239e-01
2.168000000000000000e+03 8.013402949696307731e-01
2.172000000000000000e+03 8.154721713614382361e-01
2.176000000000000000e+03 8.273427469016534364e-01
2.180000000000000000e+03 8.366812562593997082e-01
2.184000000000000000e+03 8.452997304605781581e-01
2.188000000000000000e+03 8.519927994000002780e-01
2.192000000000000000e+03 8.559791449372700090e-01
2.196000000000000000e+03 8.576032092963923326e-01
